5.3500e-34 
5.6900e-34 
6.0400e-34 
6.4300e-34 
6.8300e-34 
7.2600e-34 
7.7200e-34 
8.2100e-34 
8.7300e-34 
9.2700e-34 
9.8600e-34 
1.0500e-33 
1.1100e-33 
1.1800e-33 
1.2600e-33 
1.3400e-33 
1.4200e-33 
1.5200e-33 
1.6000e-33 
1.7000e-33 
1.8100e-33 
1.9200e-33 
2.0500e-33 
2.1700e-33 
2.3100e-33 
2.4500e-33 
2.6100e-33 
2.7800e-33 
2.9600e-33 
3.1500e-33 
3.3600e-33 
3.5700e-33 
3.8000e-33 
4.0500e-33 
4.3100e-33 
4.5800e-33 
4.8700e-33 
5.1900e-33 
5.5200e-33 
5.8700e-33 
6.2500e-33 
6.6500e-33 
7.0700e-33 
7.5200e-33 
8.0000e-33 
8.5100e-33 
9.0600e-33 
9.6300e-33 
1.0200e-32 
1.0900e-32 
1.1600e-32 
1.2400e-32 
1.3200e-32 
1.4100e-32 
1.5000e-32 
1.6000e-32 
1.7000e-32 
1.8200e-32 
1.9300e-32 
2.0600e-32 
2.2000e-32 
2.3300e-32 
2.4900e-32 
2.6600e-32 
2.8300e-32 
3.0200e-32 
3.2100e-32 
3.4200e-32 
3.6500e-32 
3.8800e-32 
4.1400e-32 
4.4000e-32 
4.6900e-32 
4.9900e-32 
5.3200e-32 
5.6600e-32 
6.0400e-32 
6.4600e-32 
6.9000e-32 
7.3700e-32 
7.8700e-32 
8.4000e-32 
8.9800e-32 
9.6300e-32 
1.0400e-31 
1.1300e-31 
1.2800e-31 
1.5600e-31 
2.1700e-31 
3.5600e-31 
6.8000e-31 
1.4100e-30 
3.0400e-30 
6.5500e-30 
1.4100e-29 
3.0700e-29 
7.0000e-29 
1.7200e-28 
4.7200e-28 
1.4400e-27 
4.8100e-27 
1.6600e-26 
5.6700e-26 
1.8800e-25 
5.8900e-25 
1.7200e-24 
4.6100e-24 
1.1100e-23 
2.3100e-23 
4.1100e-23 
6.1600e-23 
7.8800e-23 
8.8700e-23 
9.0900e-23 
8.7600e-23 
8.1200e-23 
7.3600e-23 
6.5900e-23 
5.8800e-23 
5.2700e-23 
4.7400e-23 
4.3100e-23 
3.9600e-23 
3.6400e-23 
3.3500e-23 
3.0700e-23 
2.8000e-23 
2.5400e-23 
2.3000e-23 
2.0600e-23 
1.8300e-23 
1.6100e-23 
1.4000e-23 
1.2400e-23 
1.1700e-23 
1.1900e-23 
1.3000e-23 
1.5000e-23 
1.8300e-23 
2.3000e-23 
2.9300e-23 
3.6900e-23 
4.5500e-23 
5.3900e-23 
6.0900e-23 
6.5300e-23 
6.6700e-23 
6.5400e-23 
6.2100e-23 
5.7500e-23 
5.2500e-23 
4.7300e-23 
4.2500e-23 
3.8000e-23 
3.4000e-23 
3.0400e-23 
2.7300e-23 
2.4500e-23 
2.2000e-23 
1.9900e-23 
1.8100e-23 
1.6400e-23 
1.5000e-23 
1.3700e-23 
1.2600e-23 
1.1600e-23 
1.0700e-23 
1.0000e-23 
9.3100e-24 
8.7100e-24 
8.1600e-24 
7.6900e-24 
7.2500e-24 
6.8600e-24 
6.5500e-24 
6.2400e-24 
5.9600e-24 
5.7300e-24 
5.5100e-24 
5.3300e-24 
5.1700e-24 
5.0200e-24 
4.8900e-24 
4.7800e-24 
4.6800e-24 
4.5900e-24 
4.5500e-24 
4.5100e-24 
4.4400e-24 
4.3800e-24 
4.3300e-24 
4.2900e-24 
4.2600e-24 
4.2300e-24 
4.2100e-24 
4.1900e-24 
4.1900e-24 
4.1800e-24 
4.1900e-24 
4.1900e-24 
4.2000e-24 
4.2200e-24 
4.2400e-24 
4.2800e-24 
4.3200e-24 
4.3600e-24 
4.4100e-24 
4.4600e-24 
4.5100e-24 
4.5700e-24 
4.6300e-24 
4.6900e-24 
4.7600e-24 
4.8200e-24 
4.8900e-24 
4.9700e-24 
5.0400e-24 
5.1200e-24 
5.2000e-24 
5.2800e-24 
5.3600e-24 
5.4400e-24 
5.5300e-24 
5.6200e-24 
5.7100e-24 
5.8000e-24 
5.8900e-24 
5.9800e-24 
6.1100e-24 
6.2300e-24 
6.3600e-24 
6.4800e-24 
6.6100e-24 
6.7500e-24 
6.8800e-24 
7.0200e-24 
7.1600e-24 
7.3100e-24 
7.4500e-24 
7.6000e-24 
7.7500e-24 
7.9000e-24 
8.0600e-24 
8.2100e-24 
8.3700e-24 
8.5300e-24 
8.7000e-24 
8.8600e-24 
9.0300e-24 
9.2000e-24 
9.3700e-24 
9.5400e-24 
9.7200e-24 
9.9300e-24 
1.0200e-23 
1.0400e-23 
1.0600e-23 
1.0900e-23 
1.1100e-23 
1.1300e-23 
1.1600e-23 
1.1800e-23 
1.2100e-23 
1.2300e-23 
1.2600e-23 
1.2900e-23 
1.3200e-23 
1.3400e-23 
1.3700e-23 
1.4000e-23 
1.4300e-23 
1.4600e-23 
1.4900e-23 
1.5200e-23 
1.5500e-23 
1.5800e-23 
1.6100e-23 
1.6400e-23 
1.6800e-23 
1.7200e-23 
1.7600e-23 
1.8000e-23 
1.8400e-23 
1.8800e-23 
1.9200e-23 
1.9700e-23 
2.0100e-23 
2.0600e-23 
2.1000e-23 
2.1500e-23 
2.2000e-23 
2.2500e-23 
2.2900e-23 
2.3400e-23 
2.3900e-23 
2.4500e-23 
2.5000e-23 
2.5500e-23 
2.6000e-23 
2.6600e-23 
2.7100e-23 
2.7700e-23 
2.8300e-23 
2.8900e-23 
2.9600e-23 
3.0300e-23 
3.1000e-23 
3.1700e-23 
3.2500e-23 
3.3300e-23 
3.4000e-23 
3.4800e-23 
3.5600e-23 
3.6500e-23 
3.7300e-23 
3.8100e-23 
3.9000e-23 
3.9900e-23 
4.0800e-23 
4.1700e-23 
4.2600e-23 
4.3600e-23 
4.4500e-23 
4.5500e-23 
4.6500e-23 
4.7500e-23 
4.8500e-23 
4.9600e-23 
5.0700e-23 
5.1900e-23 
5.3200e-23 
5.4500e-23 
5.5900e-23 
5.7300e-23 
5.8700e-23 
6.0100e-23 
6.1600e-23 
6.3100e-23 
6.4700e-23 
6.6200e-23 
6.7900e-23 
6.9500e-23 
7.1200e-23 
7.2900e-23 
7.4700e-23 
7.6500e-23 
7.8400e-23 
8.0300e-23 
8.2200e-23 
8.4200e-23 
8.6300e-23 
8.8400e-23 
9.0600e-23 
9.2800e-23 
