        -1.14289e-31 
        -1.14392e-31 
        -1.1449e-31 
        -1.14584e-31 
        -1.14672e-31 
        -1.1475e-31 
        -1.14816e-31 
        -1.14867e-31 
        -1.14899e-31 
        -1.14906e-31 
        -1.14882e-31 
        -1.1482e-31 
        -1.14711e-31 
        -1.14544e-31 
        -1.14305e-31 
        -1.13981e-31 
        -1.13551e-31 
        -1.12995e-31 
        -1.12286e-31 
        -1.11394e-31 
        -1.10282e-31 
        -1.08908e-31 
        -1.07222e-31 
        -1.05166e-31 
        -1.02671e-31 
        -9.96583e-32 
        -9.60214e-32 
        -9.16646e-32 
        -8.6467e-32 
        -8.02868e-32 
        -7.2961e-32 
        -6.43032e-32 
        -5.41002e-32 
        -4.21096e-32 
        -2.80557e-32 
        -1.16265e-32 
        7.5303e-33 
        2.98112e-32 
        5.56614e-32 
        8.5637e-32 
        1.20532e-31 
        1.60773e-31 
        2.07068e-31 
        2.60196e-31 
        3.21016e-31 
        3.90473e-31 
        4.70102e-31 
        5.61275e-31 
        6.64565e-31 
        7.81302e-31 
        9.1292e-31 
        1.06108e-30 
        1.22731e-30 
        1.41385e-30 
        1.62209e-30 
        1.84123e-30 
        2.07773e-30 
        2.33708e-30 
        2.62077e-30 
        2.93017e-30 
        3.26656e-30 
        3.63152e-30 
        3.96792e-30 
        4.45308e-30 
        4.91207e-30 
        5.4047e-30 
        5.93223e-30 
        6.49551e-30 
        7.09524e-30 
        7.732e-30 
        8.4083e-30 
        9.11706e-30 
        9.86774e-30 
        1.06567e-29 
        1.14831e-29 
        1.23508e-29 
        1.32619e-29 
        1.42165e-29 
        1.52278e-29 
        1.62629e-29 
        1.72717e-29 
        1.88753e-29 
        2.16592e-29 
        2.47799e-29 
        2.82667e-29 
        3.21836e-29 
        3.65099e-29 
        4.13085e-29 
        4.66774e-29 
        5.26998e-29 
        5.82758e-29 
        6.61605e-29 
        7.61056e-29 
        8.97187e-29 
        1.10685e-28 
        1.46875e-28 
        2.1681e-28 
        3.67097e-28 
        7.31475e-28 
        1.72004e-27 
        4.67129e-27 
        1.39091e-26 
        4.343e-26 
        1.37889e-25 
        4.38395e-25 
        1.34353e-24 
        3.79858e-24 
        9.64061e-24 
        2.15415e-23 
        4.15183e-23 
        6.82535e-23 
        9.57261e-23 
        1.17267e-22 
        1.28581e-22 
        1.30735e-22 
        1.25922e-22 
        1.17357e-22 
        1.07628e-22 
        9.77452e-23 
        8.82927e-23 
        8.00365e-23 
        7.28871e-23 
        6.67813e-23 
        6.15199e-23 
        5.69467e-23 
        5.26378e-23 
        4.85646e-23 
        4.46028e-23 
        4.11295e-23 
        3.78426e-23 
        3.49061e-23 
        3.23437e-23 
        3.0304e-23 
        2.85966e-23 
        2.74254e-23 
        2.69013e-23 
        2.72528e-23 
        2.85154e-23 
        3.10031e-23 
        3.49498e-23 
        4.05971e-23 
        4.78048e-23 
        5.6336e-23 
        6.54525e-23 
        7.43014e-23 
        8.12029e-23 
        8.53262e-23 
        8.61499e-23 
        8.45913e-23 
        8.06651e-23 
        7.55602e-23 
        6.98958e-23 
        6.41393e-23 
        5.85587e-23 
        5.33308e-23 
        4.85321e-23 
        4.41881e-23 
        4.02773e-23 
        3.67777e-23 
        3.3641e-23 
        3.08491e-23 
        2.83748e-23 
        2.61536e-23 
        2.41706e-23 
        2.23986e-23 
        2.08103e-23 
        1.93846e-23 
        1.81027e-23 
        1.69483e-23 
        1.5906e-23 
        1.4971e-23 
        1.41172e-23 
        1.33429e-23 
        1.26393e-23 
        1.19989e-23 
        1.0583e-23 
        1.00591e-23 
        9.58917e-24 
        9.16213e-24 
        8.77378e-24 
        8.42046e-24 
        8.09875e-24 
        7.80576e-24 
        7.5389e-24 
        7.29583e-24 
        7.0744e-24 
        6.87156e-24 
        6.66073e-24 
        6.47041e-24 
        6.29873e-24 
        6.14407e-24 
        6.00496e-24 
        5.88007e-24 
        5.7682e-24 
        5.66884e-24 
        5.58035e-24 
        5.50193e-24 
        5.43295e-24 
        5.37246e-24 
        5.31981e-24 
        5.27441e-24 
        5.23573e-24 
        5.21513e-24 
        5.20203e-24 
        5.19485e-24 
        5.19321e-24 
        5.19683e-24 
        5.20538e-24 
        5.21853e-24 
        5.23603e-24 
        5.25763e-24 
        5.28311e-24 
        5.31227e-24 
        5.34491e-24 
        5.38086e-24 
        5.41997e-24 
        5.46207e-24 
        5.50704e-24 
        5.55474e-24 
        5.60506e-24 
        5.65787e-24 
        5.71307e-24 
        5.77057e-24 
        5.83027e-24 
        5.89209e-24 
        5.95594e-24 
        6.02175e-24 
        6.10749e-24 
        6.20131e-24 
        6.29798e-24 
        6.39743e-24 
        6.49963e-24 
        6.60453e-24 
        6.71211e-24 
        6.82231e-24 
        6.93511e-24 
        7.05048e-24 
        7.16843e-24 
        7.28887e-24 
        7.41177e-24 
        7.53709e-24 
        7.6648e-24 
        7.79489e-24 
        7.9273e-24 
        8.06202e-24 
        8.199e-24 
        8.33823e-24 
        8.47967e-24 
        8.62328e-24 
        8.76905e-24 
        8.91693e-24 
        9.06689e-24 
        9.24303e-24 
        9.43665e-24 
        9.63416e-24 
        9.83558e-24 
        1.00409e-23 
        1.02502e-23 
        1.04633e-23 
        1.06804e-23 
        1.09014e-23 
        1.11263e-23 
        1.13551e-23 
        1.15878e-23 
        1.18244e-23 
        1.20649e-23 
        1.23093e-23 
        1.25575e-23 
        1.28095e-23 
        1.30654e-23 
        1.33251e-23 
        1.35885e-23 
        1.38557e-23 
        1.41266e-23 
        1.44012e-23 
        1.46795e-23 
        1.49614e-23 
        1.52771e-23 
        1.56293e-23 
        1.59882e-23 
        1.63541e-23 
        1.67269e-23 
        1.71066e-23 
        1.74933e-23 
        1.7887e-23 
        1.82877e-23 
        1.86955e-23 
        1.91104e-23 
        1.95323e-23 
        1.99613e-23 
        2.03974e-23 
        2.08406e-23 
        2.12909e-23 
        2.17483e-23 
        2.22128e-23 
        2.26843e-23 
        2.31629e-23 
        2.36485e-23 
        2.41411e-23 
        2.46406e-23 
        2.51471e-23 
        2.56606e-23 
        2.62164e-23 
        2.6846e-23 
        2.74882e-23 
        2.81432e-23 
        2.88111e-23 
        2.9492e-23 
        3.0186e-23 
        3.08932e-23 
        3.16138e-23 
        3.23478e-23 
        3.30953e-23 
        3.38565e-23 
        3.46314e-23 
        3.54202e-23 
        3.6223e-23 
        3.70398e-23 
        3.78707e-23 
        3.8716e-23 
        3.95756e-23 
        4.04497e-23 
        4.13384e-23 
        4.22418e-23 
        4.31602e-23 
        4.40936e-23 
        4.50423e-23 
        4.60434e-23 
        4.71944e-23 
        4.83717e-23 
        4.95757e-23 
        5.08071e-23 
        5.20666e-23 
        5.33547e-23 
        5.46722e-23 
        5.60198e-23 
        5.73983e-23 
        5.88085e-23 
        6.02512e-23 
        6.17275e-23 
        6.32384e-23 
        6.47848e-23 
        6.63682e-23 
        6.79897e-23 
        6.96507e-23 
        7.13528e-23 
        7.30975e-23 
        7.48868e-23 
        7.67226e-23 
        7.86071e-23 
        8.05426e-23 
        8.25317e-23 
