-63.3227 -61.0231 -57.9771 -54.3366 -50.4355 -46.5379 -42.7573 -39.097 -35.5198 -31.983 -28.453 -24.9062 -21.3203 -17.6692 -13.9238 -10.0441 -6.01515 -2.07997 0.208006 0.765823 0.842929 0.757345 0.595926 0.429335 0.291854 0.185809 0.120692 0.084454 0.0663764 0.0546723 0.045928 0.0390912 0.033701 0.0294844 0.0262711 0.0239545 0.0224631 0.0217395 0.0217244 0.0223594 0.0236255 0.0253355 0.027483 0.0304505 0.0338852 0.0376404 0.0415796 0.0462153 0.0516819 0.057785 0.0647262 0.0725431 0.0811257 0.0908775 0.102395 0.115938 0.13152 0.148026 0.163889 0.176542 0.181587 0.173165 0.145937 0.101998 
-76.581 -73.4501 -68.9398 -63.3764 -57.3903 -51.5198 -46.0297 -40.9644 -36.2761 -31.8932 -27.7504 -23.8013 -20.0021 -16.3081 -12.6807 -9.074 -5.51013 -2.27074 -0.0991579 0.878874 1.19506 1.20762 1.08731 0.916467 0.728758 0.551513 0.417392 0.316063 0.247364 0.200866 0.167298 0.142354 0.123585 0.109513 0.0992581 0.0922921 0.088283 0.0870002 0.0882283 0.0917372 0.0976205 0.105254 0.114378 0.126178 0.139772 0.155392 0.173185 0.19221 0.213096 0.236716 0.263437 0.293099 0.324839 0.358834 0.395292 0.433638 0.472785 0.511555 0.545023 0.567626 0.571918 0.549289 0.493561 0.409076 
-85.7012 -82.3623 -77.0959 -70.2749 -62.7574 -55.3492 -48.4907 -42.2911 -36.7134 -31.6671 -27.056 -22.812 -18.8697 -15.1667 -11.6661 -8.31634 -5.16623 -2.46127 -0.513381 0.65829 1.20813 1.36389 1.3239 1.19149 1.02084 0.847404 0.697621 0.573501 0.472562 0.393185 0.332931 0.287524 0.25341 0.228151 0.21025 0.198779 0.193148 0.192981 0.197903 0.207216 0.221582 0.240101 0.262272 0.286964 0.31562 0.348555 0.385842 0.425962 0.469903 0.518232 0.571879 0.631215 0.695039 0.761666 0.82652 0.889542 0.949315 1.00193 1.04322 1.06591 1.06006 1.01438 0.919654 0.776001 
-91.9281 -88.6686 -83.072 -75.4486 -66.8068 -58.1979 -50.2449 -43.1316 -36.844 -31.2809 -26.3151 -21.8615 -17.8332 -14.149 -10.783 -7.67353 -4.88483 -2.6404 -1.02055 0.244376 1.01098 1.3164 1.3817 1.31661 1.18888 1.04286 0.906672 0.786229 0.676675 0.584115 0.509134 0.450381 0.405375 0.372017 0.349013 0.335464 0.330755 0.334603 0.346685 0.365889 0.390008 0.420005 0.456041 0.496904 0.543155 0.59517 0.654155 0.717667 0.784858 0.854944 0.927846 1.00403 1.08388 1.16659 1.25146 1.3366 1.41951 1.49625 1.56142 1.60617 1.61698 1.575 1.45779 1.24952 
-96.149 -93.0836 -87.3962 -79.2652 -69.7842 -60.2247 -51.3937 -43.5484 -36.7029 -30.7472 -25.5206 -20.928 -16.8613 -13.2255 -10.0031 -7.1623 -4.7183 -2.80652 -1.40594 -0.244967 0.606647 1.12408 1.31666 1.33724 1.27041 1.16732 1.05442 0.94453 0.841307 0.750761 0.675135 0.613226 0.56479 0.52893 0.505339 0.493612 0.493414 0.505163 0.52469 0.551438 0.585454 0.627314 0.67745 0.734341 0.796239 0.861618 0.930553 1.00374 1.0814 1.16337 1.24902 1.33832 1.43146 1.52823 1.62823 1.7302 1.83226 1.93157 2.02384 2.10167 2.15199 2.15186 2.06284 1.83124 
-98.9644 -96.1262 -90.4786 -82.0342 -71.9194 -61.5985 -52.0595 -43.6285 -36.3484 -30.101 -24.688 -20.0148 -15.9413 -12.4263 -9.38492 -6.78781 -4.62725 -2.9477 -1.68829 -0.672444 0.185119 0.819527 1.15404 1.27772 1.2836 1.23044 1.15088 1.06268 0.974969 0.89421 0.823948 0.766136 0.721175 0.68925 0.670034 0.664171 0.67185 0.688569 0.714781 0.749653 0.792438 0.842696 0.900114 0.963504 1.03185 1.10438 1.18073 1.26122 1.34604 1.43506 1.52788 1.62426 1.72416 1.82735 1.93339 2.04135 2.14993 2.2574 2.36149 2.4586 2.54211 2.59699 2.58419 2.40485 
-100.796 -98.1775 -92.6339 -84.0016 -73.4002 -62.4614 -52.3492 -43.4514 -35.8388 -29.3827 -23.8434 -19.1598 -15.1492 -11.7609 -8.90422 -6.52282 -4.58099 -3.06395 -1.89833 -0.97313 -0.166217 0.481928 0.937029 1.1604 1.24258 1.24526 1.20598 1.14693 1.08101 1.01642 0.958231 0.909576 0.872137 0.847229 0.835768 0.837487 0.84903 0.870106 0.900458 0.939588 0.987021 1.04223 1.10502 1.17273 1.24516 1.32182 1.40233 1.48665 1.57473 1.66632 1.76096 1.85821 1.95762 2.05857 2.16016 2.26104 2.35948 2.45332 2.54011 2.61722 2.68223 2.73315 2.76161 2.69715 
-101.933 -99.5106 -94.0976 -85.3605 -74.3845 -62.9417 -52.3652 -43.0972 -35.2354 -28.6345 -23.0688 -18.3997 -14.4741 -11.2185 -8.52852 -6.32839 -4.55118 -3.1513 -2.04841 -1.16409 -0.415027 0.204679 0.689679 1.00484 1.16243 1.22337 1.22816 1.20248 1.16228 1.11769 1.07527 1.03928 1.01244 0.996708 0.992879 0.998852 1.01438 1.03919 1.07296 1.11529 1.16576 1.22405 1.28974 1.35992 1.43441 1.51276 1.59456 1.67953 1.76733 1.85748 1.94929 2.04197 2.13453 2.22569 2.3137 2.39616 2.46983 2.5304 2.57204 2.58671 2.56268 2.48217 2.31384 2.01347 
-102.585 -100.325 -95.0475 -86.2596 -74.9944 -63.14 -52.1883 -42.6299 -34.6103 -27.9336 -22.3704 -17.742 -13.9051 -10.7811 -8.23764 -6.17398 -4.51429 -3.19651 -2.14745 -1.29246 -0.583385 0.00650171 0.481176 0.838922 1.06032 1.1765 1.22552 1.23468 1.22196 1.19928 1.17449 1.15287 1.13792 1.13172 1.13399 1.14495 1.16464 1.19297 1.22968 1.27447 1.32695 1.38676 1.4536 1.52464 1.59945 1.67747 1.75825 1.84125 1.92587 2.01135 2.09666 2.18058 2.2615 2.33737 2.40541 2.46185 2.50158 2.51746 2.49923 2.43173 2.28983 2.03172 1.55721 0.843905 
-102.898 -100.766 -95.6161 -86.8127 -75.3272 -63.141 -51.8871 -42.1402 -34.0105 -27.2941 -21.7556 -17.1772 -13.4355 -10.4302 -8.00036 -6.03871 -4.46335 -3.2056 -2.19757 -1.37513 -0.691889 -0.127959 0.332648 0.694626 0.953878 1.1159 1.2061 1.24907 1.26377 1.26337 1.25673 1.24998 1.24689 1.24932 1.25836 1.27469 1.29865 1.33034 1.36964 1.41633 1.47004 1.53038 1.59681 1.66747 1.7412 1.8173 1.89524 1.97428 2.05354 2.13195 2.20814 2.28041 2.34656 2.40373 2.44815 2.47469 2.47645 2.4438 2.36251 2.21224 1.95693 1.54309 0.914013 0.298922 
-102.976 -100.944 -95.9022 -87.1068 -75.455 -63.0166 -51.538 -41.6573 -33.4557 -26.7259 -21.2219 -16.7011 -13.0542 -10.1418 -7.79847 -5.91242 -4.39832 -3.18543 -2.20975 -1.41502 -0.756428 -0.215119 0.230126 0.588018 0.863633 1.05513 1.17795 1.25119 1.29175 1.31277 1.32378 1.3312 1.33927 1.35047 1.36645 1.38823 1.41642 1.45129 1.49286 1.54097 1.59532 1.65544 1.72063 1.78956 1.86117 1.93413 2.00795 2.0816 2.15396 2.22369 2.28907 2.34795 2.39754 2.43429 2.45349 2.44881 2.41179 2.33085 2.18787 1.95828 1.60548 1.08967 0.467957 0.0527191 
-102.889 -100.936 -95.986 -87.2106 -75.4435 -62.8204 -51.1777 -41.2021 -32.9566 -26.2289 -20.763 -16.3076 -12.7405 -9.90008 -7.62184 -5.79159 -4.32236 -3.14338 -2.19324 -1.4208 -0.786759 -0.265509 0.165261 0.516576 0.795532 1.00399 1.14999 1.24733 1.31014 1.35047 1.37762 1.39825 1.41691 1.43662 1.45935 1.48643 1.51865 1.55645 1.59996 1.6491 1.70357 1.76291 1.82637 1.89283 1.96118 2.03015 2.09898 2.16628 2.23076 2.29084 2.34445 2.38903 2.42127 2.43697 2.43062 2.39474 2.31931 2.1909 1.98965 1.68965 1.26333 0.727589 0.220471 -0.0747735 
-102.686 -100.798 -95.9282 -87.1817 -75.34 -62.5852 -50.825 -40.7846 -32.5153 -25.7989 -20.372 -15.9832 -12.4798 -9.69482 -7.46534 -5.67621 -4.23994 -3.08657 -2.15622 -1.4035 -0.790848 -0.286626 0.130663 0.473684 0.750845 0.967174 1.12784 1.24274 1.32321 1.37975 1.42099 1.45345 1.48184 1.50944 1.5385 1.57051 1.60645 1.64687 1.69198 1.74176 1.79596 1.85409 1.91541 1.9789 2.04345 2.10779 2.17088 2.23124 2.28731 2.33723 2.37865 2.40859 2.42327 2.41787 2.38607 2.31944 2.20688 2.03347 1.7792 1.42596 0.975869 0.478134 0.0797298 -0.140253 
-102.403 -100.569 -95.7727 -87.0633 -75.1787 -62.3329 -50.4907 -40.408 -32.1286 -25.4292 -20.0404 -15.7108 -12.2615 -9.51908 -7.32638 -5.56775 -4.15566 -3.02124 -2.10799 -1.37157 -0.774569 -0.284562 0.120247 0.454168 0.726888 0.945322 1.11408 1.24071 1.33426 1.40362 1.45653 1.49913 1.53607 1.57072 1.60545 1.64189 1.68112 1.72376 1.77012 1.82021 1.8738 1.93039 1.98928 2.04949 2.10988 2.1692 2.22618 2.27925 2.32662 2.36618 2.39526 2.41053 2.40776 2.38151 2.32482 2.22835 2.08051 1.86558 1.57092 1.19145 0.748901 0.322417 0.00179196 -0.169218 
-102.066 -100.28 -95.5512 -86.886 -74.9828 -62.0766 -50.1791 -40.0706 -31.7907 -25.1116 -19.7591 -15.4792 -12.0747 -9.3673 -7.20357 -5.46826 -4.07428 -2.9541 -2.05363 -1.32922 -0.743749 -0.265368 0.128279 0.453077 0.719978 0.93701 1.1092 1.24286 1.3454 1.42432 1.48641 1.53731 1.58143 1.6221 1.66172 1.70197 1.74398 1.78844 1.83568 1.88576 1.93844 1.99326 2.04951 2.10622 2.16225 2.21633 2.26703 2.31266 2.35125 2.38042 2.39723 2.39799 2.37806 2.33142 2.25068 2.12569 1.9453 1.6992 1.38036 0.99692 0.584918 0.224926 -0.0376505 -0.174949 
-101.693 -99.9495 -95.2859 -86.6708 -74.7678 -61.8243 -49.8908 -39.7686 -31.4946 -24.8373 -19.5183 -15.28 -11.913 -9.23499 -7.095 -5.37821 -3.99814 -2.88854 -1.99703 -1.28089 -0.703507 -0.234519 0.14956 0.465795 0.726337 0.939945 1.11241 1.24957 1.35774 1.44332 1.51224 1.5696 1.61949 1.66508 1.70872 1.75209 1.79634 1.84217 1.88993 1.93969 1.99123 2.04408 2.09753 2.15062 2.20221 2.25095 2.29532 2.3335 2.36334 2.38222 2.38692 2.37346 2.33681 2.27039 2.16649 2.01644 1.81064 1.54271 1.21376 0.842798 0.474117 0.166671 -0.0521971 -0.165161 
-101.296 -99.5924 -94.992 -86.4321 -74.5434 -61.5797 -49.6245 -39.497 -31.2333 -24.5982 -19.3097 -15.1067 -11.7712 -9.11858 -6.9987 -5.29725 -3.92826 -2.82652 -1.94106 -1.23023 -0.658413 -0.196519 0.179684 0.488263 0.74245 0.951592 1.12233 1.26044 1.37161 1.46142 1.53511 1.5972 1.65148 1.70089 1.74768 1.79347 1.83939 1.88614 1.93406 1.98322 2.0334 2.08412 2.13467 2.18408 2.23119 2.27459 2.31265 2.34345 2.36465 2.37343 2.36628 2.33891 2.286 2.20131 2.07727 1.9063 1.68166 1.40157 1.07454 0.726124 0.401221 0.136241 -0.0493325 -0.144245 
-100.884 -99.2179 -94.6795 -86.1791 -74.3157 -61.3443 -49.3776 -39.2508 -30.9999 -24.3869 -19.1262 -14.9536 -11.6454 -9.01503 -6.91278 -5.22457 -3.86485 -2.76918 -1.88773 -1.1801 -0.611894 -0.155048 0.214972 0.517004 0.7652 0.969487 1.13731 1.27464 1.38684 1.47895 1.55563 1.62096 1.67835 1.73055 1.77964 1.82717 1.8742 1.92142 1.96916 2.01746 2.06609 2.11455 2.16213 2.20783 2.25046 2.28856 2.3204 2.34392 2.35662 2.35551 2.33694 2.29642 2.22864 2.12753 1.98636 1.79911 1.56226 1.27879 0.962758 0.641954 0.355423 0.125308 -0.0341205 -0.115167 
-100.463 -98.8322 -94.3554 -85.9177 -74.0879 -61.1181 -49.1471 -39.0251 -30.7886 -24.1971 -18.962 -14.8162 -11.5321 -8.92174 -6.83543 -5.15918 -3.80766 -2.71703 -1.83839 -1.13254 -0.566474 -0.112977 0.252449 0.549128 0.791919 0.991399 1.15573 1.29117 1.40298 1.4959 1.57415 1.64143 1.70083 1.75485 1.80545 1.85407 1.9017 1.94898 1.99621 2.0434 2.0903 2.1364 2.18095 2.22294 2.26113 2.29399 2.31972 2.33615 2.34065 2.3301 2.30074 2.24806 2.16689 2.05159 1.89657 1.69778 1.45496 1.1752 0.875939 0.584174 0.329957 0.128535 -0.00990398 -0.0799812 
-100.036 -98.4393 -94.0236 -85.6516 -73.8616 -60.9004 -48.9301 -38.8156 -30.5943 -24.0236 -18.8123 -14.6906 -11.4284 -8.83645 -6.765 -5.09998 -3.75617 -2.67014 -1.79374 -1.08889 -0.523949 -0.0724579 0.28978 0.582302 0.820392 1.01541 1.17606 1.30895 1.41946 1.5121 1.5908 1.65896 1.7194 1.77442 1.82582 1.87493 1.92268 1.96963 2.01605 2.06191 2.10693 2.15058 2.19207 2.23037 2.26418 2.29194 2.31175 2.32135 2.31803 2.2986 2.25924 2.19554 2.10265 1.97559 1.81013 1.60436 1.36101 1.09022 0.810642 0.546812 0.32022 0.142526 0.0211598 -0.0400742 
-99.6046 -98.0416 -93.687 -85.3827 -73.6375 -60.6897 -48.7238 -38.6186 -30.413 -23.8624 -18.6733 -14.5738 -11.3319 -8.75727 -6.70001 -5.04589 -3.70971 -2.62828 -1.75405 -1.04991 -0.48549 -0.035027 0.325161 0.614601 0.848921 1.03997 1.19702 1.32709 1.43568 1.52724 1.60553 1.67371 1.7344 1.78972 1.84131 1.8904 1.93783 1.9841 2.02944 2.07378 2.11679 2.15792 2.19635 2.231 2.26054 2.28335 2.29747 2.30058 2.28992 2.26223 2.21378 2.14035 2.03754 1.90125 1.72872 1.52015 1.28075 1.02247 0.763617 0.525167 0.322496 0.164748 0.0575126 0.00354309 
-99.1708 -97.6407 -93.347 -85.1124 -73.4156 -60.485 -48.5259 -38.431 -30.2411 -23.7099 -18.5419 -14.4634 -11.2406 -8.68262 -6.6392 -4.99593 -3.66754 -2.59101 -1.71924 -1.01589 -0.451705 -0.00161054 0.357411 0.644713 0.876136 1.06378 1.21751 1.34469 1.45102 1.54098 1.61823 1.68578 1.74609 1.80111 1.85238 1.901 1.94773 1.99304 2.03707 2.07971 2.12062 2.15918 2.19455 2.22563 2.25103 2.26909 2.2778 2.2748 2.2573 2.22208 2.16553 2.08375 1.9729 1.82991 1.6535 1.44575 1.21372 0.97007 0.731694 0.515922 0.334059 0.193311 0.097971 0.0500785 
-98.735 -97.2373 -93.0045 -84.8409 -73.1956 -60.2848 -48.3341 -38.2503 -30.076 -23.5637 -18.4159 -14.3573 -11.153 -8.61121 -6.5815 -4.94919 -3.62894 -2.5578 -1.68895 -0.98672 -0.422716 0.0273483 0.385829 0.671757 0.900927 1.0858 1.23658 1.361 1.46494 1.55299 1.62877 1.69521 1.75464 1.8089 1.85941 1.90718 1.95292 1.99699 2.03951 2.08033 2.11905 2.15502 2.18738 2.21497 2.23638 2.24991 2.25353 2.24483 2.22107 2.1791 2.11551 2.0268 1.90984 1.76257 1.58515 1.38123 1.15897 0.930946 0.712124 0.516587 0.352906 0.226803 0.141619 0.0988903 
-98.2976 -96.8319 -92.6599 -84.5686 -72.977 -60.0881 -48.147 -38.0745 -29.9157 -23.4218 -18.2935 -14.2542 -11.0678 -8.54202 -6.52602 -4.9049 -3.59322 -2.528 -1.66267 -0.96206 -0.398464 0.0516663 0.409998 0.695117 0.922613 1.10528 1.25355 1.37543 1.477 1.56298 1.63703 1.70201 1.76019 1.81332 1.86273 1.90936 1.95383 1.99647 2.03732 2.0762 2.11267 2.14606 2.17545 2.19966 2.21726 2.22651 2.22536 2.21143 2.18201 2.13412 2.06459 1.97041 1.84919 1.69991 1.52398 1.3262 1.11529 0.903127 0.702661 0.525194 0.377499 0.264134 0.187726 0.149444 
-97.8587 -96.4247 -92.3134 -84.2953 -72.7595 -59.894 -47.963 -37.902 -29.7586 -23.2826 -18.1734 -14.1529 -10.9841 -8.47427 -6.47206 -4.86242 -3.55975 -2.50102 -1.63985 -0.941449 -0.378687 0.071415 0.429781 0.714487 0.940795 1.12176 1.26795 1.38755 1.48688 1.57075 1.6429 1.7062 1.76286 1.81459 1.86263 1.90788 1.95087 1.9919 2.03096 2.06783 2.10202 2.13284 2.15933 2.18029 2.19426 2.19949 2.19393 2.17525 2.14083 2.08785 2.01351 1.9153 1.79158 1.64232 1.46996 1.28007 1.0814 0.884846 0.701417 0.540173 0.406626 0.304438 0.235689 0.201278 
-97.4183 -96.0156 -91.9649 -84.0209 -72.5426 -59.7015 -47.7813 -37.7317 -29.6034 -23.1451 -18.0546 -14.0526 -10.9013 -8.40734 -6.41908 -4.82121 -3.52798 -2.47633 -1.61999 -0.924422 -0.362964 0.0868693 0.445274 0.72978 0.955305 1.135 1.27948 1.3971 1.49434 1.57615 1.64634 1.70782 1.76279 1.81291 1.85939 1.90305 1.94441 1.9837 2.02088 2.05567 2.08757 2.11585 2.13952 2.15737 2.16791 2.1694 2.15982 2.13689 2.09812 2.04093 1.96289 1.86203 1.73745 1.58998 1.42285 1.24205 1.05604 0.874547 0.706848 0.560241 0.439298 0.346994 0.284991 0.253981 
-96.9762 -95.6047 -91.6144 -83.7453 -72.3258 -59.5102 -47.6008 -37.5627 -29.4493 -23.0084 -17.9364 -13.9528 -10.8189 -8.34079 -6.36663 -4.78084 -3.49747 -2.45347 -1.60259 -0.910477 -0.350821 0.0984082 0.456727 0.741102 0.966148 1.14491 1.28801 1.40393 1.49926 1.5791 1.64734 1.70693 1.76009 1.80846 1.85323 1.89518 1.93478 1.97223 2.00745 2.04014 2.06975 2.09554 2.11649 2.13137 2.13871 2.13676 2.12354 2.09688 2.05444 1.99391 1.91324 1.81104 1.68707 1.54288 1.38225 1.21131 1.03799 0.870872 0.717692 0.584326 0.474683 0.391186 0.33517 0.307172 
-96.5326 -95.1918 -91.2619 -83.4682 -72.1088 -59.3194 -47.4211 -37.3943 -29.2957 -22.872 -17.8183 -13.8529 -10.7364 -8.27428 -6.31439 -4.74095 -3.46786 -2.432 -1.58716 -0.899112 -0.341772 0.106464 0.464485 0.748717 0.973456 1.15153 1.29353 1.40799 1.50161 1.57959 1.64593 1.70362 1.75491 1.80145 1.8444 1.88454 1.92229 1.95783 1.99105 2.02162 2.04897 2.07232 2.09066 2.10274 2.10709 2.102 2.08556 2.0557 2.01027 1.94725 1.86499 1.76264 1.64057 1.50087 1.34767 1.18701 1.02618 0.872647 0.732862 0.61153 0.512074 0.436471 0.385803 0.360492 
-96.0871 -94.7768 -90.9072 -83.1894 -71.8913 -59.1288 -47.2416 -37.226 -29.142 -22.7355 -17.7 -13.7528 -10.6536 -8.20758 -6.26212 -4.70128 -3.43882 -2.41156 -1.57329 -0.889847 -0.335326 0.111496 0.468949 0.752953 0.977451 1.15501 1.29612 1.40933 1.50141 1.57768 1.64218 1.69799 1.74739 1.79205 1.83313 1.87139 1.90724 1.94083 1.97202 2.00047 2.02559 2.04658 2.06243 2.07188 2.07348 2.06557 2.04631 2.01378 1.96602 1.90133 1.81847 1.71705 1.59795 1.4637 1.31857 1.16834 1.01962 0.878853 0.751421 0.641089 0.550857 0.482363 0.436497 0.413594 
-95.6399 -94.3598 -90.5501 -82.9088 -71.6732 -58.9381 -47.062 -37.0576 -28.988 -22.5985 -17.5812 -13.6522 -10.5704 -8.14051 -6.20964 -4.66161 -3.41009 -2.39182 -1.56057 -0.882232 -0.331014 0.113968 0.470547 0.754172 0.978417 1.15555 1.29593 1.40806 1.49877 1.57344 1.6362 1.69018 1.73771 1.78048 1.81966 1.856 1.88991 1.92152 1.95069 1.97703 1.99997 2.01868 2.03216 2.03915 2.03825 2.02784 2.00619 1.9715 1.92208 1.85651 1.77392 1.67438 1.55916 1.43107 1.29438 1.15453 1.01741 0.888597 0.772565 0.672341 0.590484 0.528413 0.486877 0.466143 
-95.1907 -93.9406 -90.1907 -82.6263 -71.4542 -58.7472 -46.8822 -36.8887 -28.8335 -22.461 -17.4618 -13.5509 -10.4866 -8.07298 -6.15681 -4.62178 -3.38144 -2.37249 -1.54866 -0.875863 -0.328397 0.114329 0.469706 0.752756 0.976672 1.15341 1.29315 1.40434 1.49382 1.56702 1.62813 1.68035 1.72604 1.76692 1.80419 1.83861 1.87057 1.9002 1.92735 1.95162 1.97243 1.98896 2.00019 2.00492 2.00176 1.98917 1.96554 1.92923 1.87876 1.81303 1.73153 1.63467 1.52406 1.40263 1.27456 1.14486 1.01878 0.901098 0.795583 0.704709 0.630452 0.574205 0.536589 0.517817 
-94.7396 -93.5191 -89.8287 -82.3417 -71.2341 -58.5557 -46.7018 -36.7192 -28.6783 -22.3227 -17.3417 -13.449 -10.4022 -8.00489 -6.10353 -4.58166 -3.35271 -2.35334 -1.53726 -0.87038 -0.327075 0.112995 0.466838 0.749081 0.972549 1.14887 1.28802 1.39837 1.48674 1.55858 1.61814 1.66866 1.71256 1.7516 1.78698 1.81947 1.84949 1.87715 1.90229 1.92454 1.94329 1.95773 1.96687 1.96952 1.96435 1.94991 1.9247 1.88726 1.83635 1.77113 1.69141 1.59791 1.49245 1.37801 1.25857 1.1387 1.02304 0.915681 0.819832 0.737629 0.67031 0.619365 0.585307 0.568314 
-94.2865 -93.0953 -89.4642 -82.0549 -71.013 -58.3638 -46.5209 -36.549 -28.5224 -22.1837 -17.2208 -13.3464 -10.3172 -7.9362 -6.04973 -4.54113 -3.32375 -2.33417 -1.5261 -0.865472 -0.326694 0.11035 0.462328 0.743516 0.96638 1.14222 1.2808 1.39037 1.47772 1.5483 1.6064 1.65531 1.69748 1.73471 1.76822 1.79882 1.82691 1.85263 1.87581 1.89608 1.91285 1.92531 1.93249 1.93326 1.92633 1.91036 1.88396 1.84587 1.79506 1.73095 1.65362 1.56402 1.46412 1.35684 1.24592 1.13548 1.02959 0.93179 0.844798 0.770443 0.709689 0.663556 0.632726 0.61735 
-93.8313 -92.6692 -89.0971 -81.7658 -70.7907 -58.1712 -46.3393 -36.3781 -28.3656 -22.0438 -17.0991 -13.2431 -10.2315 -7.8669 -5.99538 -4.50013 -3.29444 -2.31482 -1.51498 -0.860874 -0.326944 0.106733 0.456532 0.736407 0.95849 1.13376 1.27175 1.38058 1.46697 1.53638 1.59311 1.64047 1.68098 1.71646 1.74815 1.77688 1.80309 1.8269 1.84817 1.86652 1.88138 1.89198 1.89736 1.89643 1.888 1.8708 1.8436 1.8053 1.75508 1.69261 1.61817 1.53291 1.43882 1.33874 1.23613 1.13468 1.03793 0.948938 0.870026 0.802769 0.74808 0.706457 0.678566 0.664664 
-93.3742 -92.2407 -88.7272 -81.4744 -70.5671 -57.9779 -46.1571 -36.2063 -28.208 -21.9031 -16.9767 -13.139 -10.1451 -7.79695 -5.94043 -4.45861 -3.26469 -2.29515 -1.50373 -0.856364 -0.32756 0.102444 0.449766 0.728073 0.949187 1.12377 1.26113 1.36923 1.45472 1.52302 1.57845 1.62436 1.66328 1.69705 1.72698 1.7539 1.77826 1.80021 1.81961 1.83612 1.84917 1.85801 1.86174 1.85932 1.84962 1.8315 1.80386 1.76575 1.71657 1.65618 1.58504 1.50441 1.41627 1.32334 1.22876 1.13581 1.04759 0.966711 0.895177 0.834343 0.785023 0.747671 0.722585 0.710013 
-92.9149 -91.8098 -88.3547 -81.1806 -70.3422 -57.7839 -45.974 -36.0337 -28.0495 -21.7616 -16.8535 -13.0342 -10.058 -7.72636 -5.88488 -4.41651 -3.23443 -2.27507 -1.49219 -0.85176 -0.32832 0.0977404 0.442313 0.7188 0.938758 1.11253 1.24919 1.35655 1.44116 1.50842 1.56263 1.60715 1.64455 1.6767 1.70492 1.73008 1.75264 1.77278 1.79039 1.80513 1.81646 1.82367 1.8259 1.82217 1.81145 1.79269 1.76492 1.72739 1.67963 1.62168 1.55415 1.47835 1.39621 1.31028 1.22338 1.13844 1.05814 0.98474 0.919951 0.864947 0.820449 0.786851 0.764369 0.753126 
-92.4536 -91.3765 -87.9793 -80.8843 -70.116 -57.5892 -45.7903 -35.8603 -27.8902 -21.6193 -16.7295 -12.9287 -9.97021 -7.65513 -5.82871 -4.37382 -3.20361 -2.2545 -1.48027 -0.846916 -0.329039 0.0928422 0.434417 0.708843 0.927465 1.10029 1.23617 1.34277 1.42653 1.49279 1.54583 1.58904 1.62499 1.65558 1.68216 1.70562 1.72645 1.74485 1.76073 1.77378 1.78349 1.78919 1.79007 1.78523 1.77371 1.75457 1.72699 1.69033 1.64432 1.58911 1.52541 1.45453 1.37835 1.29919 1.2196 1.14217 1.06921 1.00268 0.944048 0.89434 0.854185 0.823929 0.803737 0.793662 
-91.9902 -90.9407 -87.6012 -80.5855 -69.8883 -57.3937 -45.6057 -35.686 -27.73 -21.4761 -16.6047 -12.8225 -9.88179 -7.58327 -5.77193 -4.33052 -3.1722 -2.23339 -1.46788 -0.841719 -0.32957 0.087928 0.426285 0.698445 0.915538 1.08728 1.2223 1.3281 1.41101 1.4763 1.52824 1.5702 1.60477 1.63387 1.65889 1.68072 1.69989 1.71662 1.73085 1.7423 1.7505 1.75481 1.75449 1.74871 1.7366 1.71733 1.69019 1.65469 1.61068 1.55842 1.49867 1.43274 1.36239 1.28973 1.21706 1.14662 1.08044 1.02021 0.967194 0.92229 0.886047 0.85877 0.840592 0.831534 
-91.5247 -90.5026 -87.2201 -80.284 -69.6592 -57.1975 -45.4204 -35.5109 -27.5689 -21.3321 -16.4792 -12.7156 -9.79272 -7.51079 -5.71453 -4.28661 -3.14019 -2.21171 -1.45495 -0.836081 -0.329796 0.0831455 0.418094 0.687798 0.903185 1.07371 1.20779 1.31274 1.39479 1.45915 1.51003 1.55081 1.58407 1.61176 1.63528 1.65555 1.67314 1.68828 1.70094 1.71088 1.71767 1.72072 1.71936 1.7128 1.70029 1.6811 1.65463 1.62052 1.57871 1.52954 1.47381 1.41277 1.34806 1.2816 1.21541 1.15146 1.09153 1.03705 0.989155 0.948603 0.915886 0.891273 0.874881 0.866717 
-91.0572 -90.0619 -86.8362 -79.9799 -69.4286 -57.0005 -45.2343 -35.3349 -27.407 -21.1873 -16.353 -12.608 -9.70303 -7.43771 -5.65653 -4.2421 -3.10756 -2.18943 -1.44146 -0.829943 -0.329629 0.0786128 0.409988 0.677069 0.890586 1.05976 1.1928 1.29686 1.37805 1.44149 1.49136 1.53101 1.56303 1.58939 1.61148 1.63028 1.64636 1.65999 1.67118 1.67971 1.68519 1.68711 1.68483 1.67767 1.66494 1.64602 1.62041 1.58785 1.54838 1.50238 1.45066 1.3944 1.33509 1.27448 1.21434 1.1564 1.1022 1.05299 1.00974 0.973131 0.943595 0.921376 0.906579 0.899211 
-90.5876 -89.6188 -86.4493 -79.6731 -69.1964 -56.8027 -45.0474 -35.158 -27.2442 -21.0417 -16.226 -12.4997 -9.61273 -7.36404 -5.59795 -4.19699 -3.07433 -2.16652 -1.42738 -0.823261 -0.329004 0.0744212 0.402083 0.66639 0.877892 1.04559 1.17751 1.28063 1.36095 1.42348 1.47238 1.51096 1.54181 1.5669 1.58765 1.60506 1.61972 1.63192 1.64172 1.64894 1.65324 1.65414 1.65108 1.64346 1.63066 1.61217 1.58758 1.5567 1.51965 1.47685 1.42906 1.3774 1.32324 1.26812 1.2136 1.1612 1.11224 1.06783 1.02881 0.99577 0.969109 0.949047 0.935684 0.929028 
-90.1159 -89.1732 -86.0595 -79.3634 -68.9628 -56.6042 -44.8598 -34.9803 -27.0805 -20.8953 -16.0983 -12.3909 -9.52182 -7.28979 -5.53879 -4.15129 -3.04049 -2.143 -1.4127 -0.81601 -0.327872 0.0706399 0.394471 0.655875 0.865229 1.03135 1.16206 1.26419 1.34361 1.40525 1.45321 1.49077 1.52051 1.54441 1.56391 1.58 1.59333 1.6042 1.61271 1.61872 1.62193 1.62194 1.61823 1.61027 1.59755 1.57962 1.55615 1.52705 1.49246 1.45281 1.40885 1.36159 1.31228 1.26227 1.21296 1.16564 1.12148 1.08144 1.04625 1.01645 0.992392 0.97428 0.962211 0.956199 
-89.6421 -88.7251 -85.6666 -79.0509 -68.7275 -56.4049 -44.6714 -34.8017 -26.916 -20.748 -15.9699 -12.2813 -9.43034 -7.21499 -5.47908 -4.10503 -3.00606 -2.11887 -1.39741 -0.808175 -0.326205 0.0673185 0.38722 0.645608 0.8527 1.01714 1.14656 1.24766 1.32615 1.38692 1.43397 1.47056 1.49926 1.52205 1.54036 1.55523 1.56731 1.57695 1.58426 1.58916 1.5914 1.59061 1.58637 1.57821 1.56568 1.5484 1.52615 1.49886 1.46671 1.43015 1.38986 1.34678 1.302 1.25675 1.21222 1.16956 1.12977 1.0937 1.062 1.03514 1.01344 0.997092 0.986194 0.980764 
-89.1663 -88.2745 -85.2706 -78.7355 -68.4906 -56.2049 -44.4822 -34.6222 -26.7506 -20.6 -15.8408 -12.1712 -9.33828 -7.13965 -5.41884 -4.05822 -2.97107 -2.09415 -1.38154 -0.799754 -0.323983 0.0644898 0.380379 0.635658 0.840389 1.00305 1.13112 1.23113 1.30869 1.36858 1.41475 1.45042 1.47815 1.49989 1.5171 1.53083 1.54175 1.55025 1.55647 1.56036 1.56172 1.56026 1.55559 1.54732 1.53507 1.51854 1.49754 1.47208 1.44234 1.40874 1.37195 1.33278 1.29224 1.25137 1.21123 1.17282 1.13702 1.10456 1.07602 1.05182 1.03226 1.01752 1.00768 1.00278 
-88.6885 -87.8214 -84.8716 -78.4171 -68.252 -56.004 -44.2923 -34.4419 -26.5843 -20.4512 -15.7109 -12.0604 -9.24567 -7.06379 -5.35808 -4.01089 -2.93552 -2.06887 -1.36509 -0.790751 -0.321205 0.0621708 0.373982 0.626072 0.828357 0.989166 1.11582 1.2147 1.29131 1.35032 1.39564 1.43044 1.45724 1.47801 1.4942 1.50688 1.51674 1.52418 1.5294 1.53238 1.53298 1.53094 1.52594 1.51765 1.50576 1.49002 1.47031 1.44664 1.41923 1.38848 1.35497 1.31946 1.28283 1.24599 1.20987 1.17533 1.14315 1.11397 1.0883 1.06652 1.0489 1.03561 1.02674 1.02232 
-88.2086 -87.3658 -84.4695 -78.0957 -68.0117 -55.8024 -44.1016 -34.2608 -26.4172 -20.3016 -15.5804 -11.949 -9.15252 -6.98742 -5.29683 -3.96305 -2.89946 -2.04304 -1.34806 -0.781182 -0.317877 0.0603672 0.368048 0.616882 0.816654 0.97554 1.10072 1.19843 1.27407 1.33222 1.37671 1.41067 1.43661 1.45647 1.47173 1.48343 1.49231 1.4988 1.50312 1.50529 1.50521 1.50268 1.49744 1.48921 1.47774 1.46283 1.44439 1.42248 1.3973 1.36923 1.3388 1.30668 1.27364 1.24049 1.20804 1.17702 1.14813 1.12193 1.09886 1.07927 1.06341 1.05144 1.04345 1.03946 
-87.7267 -86.9077 -84.0641 -77.7711 -67.7696 -55.6 -43.9101 -34.0787 -26.2492 -20.1512 -15.4492 -11.837 -9.05884 -6.91057 -5.23511 -3.91473 -2.86289 -2.01668 -1.33049 -0.771063 -0.314008 0.0590793 0.36259 0.608118 0.805307 0.962214 1.08587 1.18238 1.25703 1.31432 1.358 1.39117 1.4163 1.43533 1.44971 1.46054 1.46853 1.47415 1.47766 1.47911 1.47845 1.47552 1.47011 1.462 1.45098 1.43691 1.41973 1.39951 1.37644 1.35088 1.32331 1.29432 1.26458 1.2348 1.20567 1.17785 1.15194 1.12843 1.10771 1.09012 1.07586 1.06509 1.05789 1.0543 
-87.2428 -86.447 -83.6556 -77.4433 -67.5256 -55.3968 -43.7178 -33.8958 -26.0804 -20 -15.3173 -11.7244 -8.96463 -6.83324 -5.17293 -3.86595 -2.82585 -1.98982 -1.31239 -0.760417 -0.309614 0.0583002 0.357609 0.599785 0.794342 0.949218 1.0713 1.16659 1.24024 1.29667 1.33957 1.37198 1.39635 1.4146 1.4282 1.43821 1.4454 1.45025 1.45303 1.45386 1.4527 1.44944 1.44394 1.43599 1.42546 1.41222 1.39626 1.37764 1.35656 1.33334 1.30841 1.28229 1.25555 1.22883 1.20272 1.1778 1.15458 1.1335 1.11492 1.09913 1.08632 1.07664 1.07017 1.06693 
-86.7568 -85.9838 -83.2438 -77.1123 -67.2798 -55.1929 -43.5248 -33.712 -25.9106 -19.848 -15.1846 -11.6113 -8.86992 -6.75545 -5.11031 -3.81674 -2.78836 -1.9625 -1.2938 -0.749272 -0.304714 0.0580173 0.353099 0.591888 0.783772 0.936574 1.05706 1.15109 1.22373 1.2793 1.32144 1.35313 1.37679 1.39433 1.4072 1.41648 1.42295 1.4271 1.42925 1.42953 1.42795 1.42444 1.41889 1.41115 1.40112 1.3887 1.3739 1.3568 1.33757 1.31652 1.294 1.27049 1.24649 1.22254 1.19916 1.17685 1.15606 1.13719 1.12054 1.10638 1.09488 1.08619 1.08037 1.07747 
-86.2689 -85.5181 -82.8287 -76.7779 -67.0321 -54.9882 -43.331 -33.5273 -25.74 -19.6952 -15.0513 -11.4975 -8.77471 -6.67722 -5.04727 -3.76711 -2.75044 -1.93472 -1.27474 -0.737658 -0.299325 0.0582144 0.34905 0.584424 0.773602 0.924295 1.04314 1.13589 1.20751 1.26224 1.30363 1.33463 1.35763 1.37451 1.38672 1.39534 1.40116 1.40471 1.4063 1.40611 1.40417 1.40048 1.39493 1.38743 1.3779 1.36628 1.35258 1.33689 1.31938 1.30031 1.28 1.25887 1.23734 1.21589 1.19498 1.17502 1.15643 1.13954 1.12464 1.11195 1.10165 1.09385 1.08863 1.08602 
-85.7789 -85.0499 -82.4102 -76.44 -66.7824 -54.7826 -43.1364 -33.3418 -25.5684 -19.5416 -14.9173 -11.3832 -8.679 -6.59855 -4.98384 -3.71709 -2.71212 -1.90653 -1.25525 -0.725573 -0.293478 0.0588667 0.345445 0.577385 0.76383 0.912384 1.02957 1.12102 1.19162 1.24549 1.28616 1.3165 1.33888 1.35515 1.36676 1.37479 1.38004 1.38305 1.38416 1.38356 1.38135 1.37751 1.372 1.36476 1.35573 1.34487 1.33221 1.31784 1.30191 1.28464 1.26635 1.24736 1.22807 1.20887 1.19017 1.17234 1.15572 1.14062 1.12729 1.11593 1.1067 1.09971 1.09504 1.0927 
-85.287 -84.5791 -81.9884 -76.0986 -66.5306 -54.5763 -42.9411 -33.1553 -25.396 -19.3871 -14.7826 -11.2682 -8.58281 -6.51946 -4.92001 -3.66668 -2.67341 -1.87794 -1.23534 -0.713038 -0.287197 0.0599531 0.342268 0.570757 0.754449 0.900841 1.01634 1.10648 1.17604 1.22907 1.26903 1.29874 1.32053 1.33624 1.34731 1.35482 1.35956 1.3621 1.36279 1.36186 1.35942 1.35549 1.35006 1.34309 1.33454 1.3244 1.31271 1.29955 1.28506 1.26945 1.25297 1.23592 1.21864 1.20147 1.18476 1.16883 1.15399 1.14049 1.12858 1.11842 1.11016 1.1039 1.09971 1.09762 
-84.7931 -84.1058 -81.5632 -75.7537 -66.2768 -54.3692 -42.745 -32.9679 -25.2226 -19.2318 -14.6472 -11.1527 -8.48614 -6.43996 -4.85581 -3.61592 -2.63435 -1.84897 -1.21504 -0.700105 -0.280501 0.0614568 0.339502 0.564529 0.745451 0.889661 1.00346 1.09227 1.16078 1.21298 1.25224 1.28135 1.30259 1.31778 1.32836 1.3354 1.33969 1.34182 1.34217 1.34096 1.33834 1.33436 1.32903 1.32233 1.31425 1.3048 1.29401 1.28196 1.26878 1.25466 1.23982 1.22451 1.20904 1.19368 1.17875 1.16453 1.15127 1.13922 1.12858 1.1195 1.11212 1.10652 1.10277 1.1009 
-84.2973 -83.63 -81.1345 -75.405 -66.0207 -54.1613 -42.5481 -32.7796 -25.0484 -19.0757 -14.5111 -11.0367 -8.38899 -6.36006 -4.79125 -3.56482 -2.59494 -1.81966 -1.19437 -0.686798 -0.273416 0.0633554 0.337129 0.558686 0.736825 0.878836 0.990914 1.07839 1.14585 1.19722 1.23578 1.26431 1.28503 1.29976 1.30989 1.31651 1.32042 1.3222 1.32224 1.32081 1.31806 1.31406 1.30884 1.30242 1.29479 1.28598 1.27601 1.26498 1.253 1.24022 1.22685 1.21311 1.19924 1.18551 1.17217 1.15947 1.14764 1.13689 1.12738 1.11927 1.11267 1.10767 1.10432 1.10264 
-83.7996 -83.1516 -80.7023 -75.0525 -65.7622 -53.9525 -42.3504 -32.5904 -24.8731 -18.9188 -14.3743 -10.92 -8.29137 -6.27976 -4.72634 -3.51339 -2.5552 -1.79 -1.17336 -0.673135 -0.26597 0.0656276 0.335133 0.553212 0.728556 0.868355 0.978701 1.06483 1.13124 1.18177 1.21966 1.24762 1.26786 1.28214 1.29187 1.29812 1.30169 1.30317 1.30297 1.30136 1.29851 1.29452 1.28944 1.28329 1.27609 1.26786 1.25866 1.24855 1.23765 1.22608 1.21403 1.20168 1.18925 1.17697 1.16505 1.15371 1.14315 1.13355 1.12507 1.11783 1.11193 1.10746 1.10447 1.10297 
-83.3 -82.6707 -80.2666 -74.6966 -65.5011 -53.743 -42.1519 -32.4002 -24.697 -18.7609 -14.2367 -10.8028 -8.19329 -6.19907 -4.66109 -3.46164 -2.51516 -1.76004 -1.15202 -0.659135 -0.258194 0.068256 0.333495 0.548092 0.72063 0.858208 0.966811 1.05158 1.11693 1.16663 1.20386 1.23128 1.25105 1.26493 1.27429 1.28021 1.28348 1.28471 1.2843 1.28255 1.27964 1.27568 1.27074 1.26486 1.25806 1.25038 1.24187 1.2326 1.22267 1.21218 1.20131 1.1902 1.17906 1.16806 1.15741 1.14728 1.13785 1.12928 1.12171 1.11525 1.10999 1.106 1.10332 1.10198 
-82.7985 -82.1872 -79.8275 -74.3372 -65.2367 -53.5326 -41.9526 -32.2091 -24.5198 -18.6023 -14.0985 -10.6849 -8.09474 -6.11801 -4.59551 -3.4096 -2.47482 -1.72977 -1.13037 -0.644819 -0.250082 0.0712183 0.332194 0.543307 0.713029 0.848381 0.955231 1.03863 1.10292 1.1518 1.18837 1.21525 1.23458 1.24808 1.25711 1.26274 1.26575 1.26676 1.26619 1.26433 1.26138 1.25747 1.25268 1.24705 1.24064 1.23346 1.22559 1.21707 1.20801 1.19849 1.18867 1.17867 1.16866 1.15881 1.14928 1.14023 1.13181 1.12416 1.1174 1.11163 1.10693 1.10337 1.10098 1.09978 
-82.2951 -81.7012 -79.3851 -73.9745 -64.9687 -53.3214 -41.7526 -32.0171 -24.3417 -18.4427 -13.9595 -10.5665 -7.99574 -6.03657 -4.52962 -3.35726 -2.43421 -1.69923 -1.10844 -0.630204 -0.241648 0.0744972 0.33121 0.538838 0.705742 0.838859 0.94395 1.02598 1.08921 1.13725 1.17317 1.19954 1.21844 1.23159 1.24031 1.24567 1.24847 1.2493 1.24859 1.24665 1.24368 1.23983 1.23519 1.22981 1.22375 1.21704 1.20974 1.20191 1.19362 1.18497 1.17608 1.16706 1.15807 1.14923 1.14069 1.13259 1.12507 1.11823 1.1122 1.10704 1.10285 1.09967 1.09754 1.09647 
-81.7898 -81.2127 -78.9393 -73.6083 -64.6968 -53.1095 -41.5519 -31.8241 -24.1627 -18.2823 -13.8198 -10.4476 -7.89627 -5.95477 -4.46342 -3.30465 -2.39333 -1.66843 -1.08624 -0.615304 -0.232916 0.0780763 0.330528 0.534669 0.698757 0.82963 0.932954 1.01361 1.07576 1.12298 1.15826 1.18412 1.20261 1.21542 1.22387 1.22899 1.23159 1.23227 1.23145 1.22945 1.22649 1.22271 1.21822 1.21307 1.20734 1.20105 1.19427 1.18705 1.17946 1.17158 1.16351 1.15537 1.14727 1.13933 1.13167 1.12442 1.11768 1.11157 1.10618 1.10157 1.09783 1.09499 1.09308 1.09213 
-81.2826 -80.7215 -78.4904 -73.2387 -64.4209 -52.8968 -41.3503 -31.6302 -23.9826 -18.121 -13.6793 -10.328 -7.79635 -5.8726 -4.39691 -3.25177 -2.3522 -1.63737 -1.06377 -0.600136 -0.223906 0.0819377 0.330131 0.530789 0.692059 0.820681 0.922232 1.0015 1.06259 1.10897 1.14361 1.16897 1.18707 1.19956 1.20774 1.21266 1.21509 1.21563 1.21473 1.21269 1.20974 1.20604 1.20169 1.19677 1.19134 1.18544 1.17913 1.17245 1.16548 1.15829 1.15096 1.14358 1.13627 1.12912 1.12224 1.11574 1.1097 1.10423 1.09941 1.09529 1.09194 1.0894 1.08769 1.08684 
-80.7736 -80.2278 -78.0383 -72.8656 -64.1405 -52.6833 -41.148 -31.4353 -23.8016 -17.9588 -13.5381 -10.2078 -7.69597 -5.79007 -4.33011 -3.19862 -2.31082 -1.60606 -1.04106 -0.584711 -0.214634 0.0860618 0.330006 0.527183 0.685634 0.812 0.911771 0.989652 1.04966 1.09522 1.12922 1.15408 1.1718 1.18398 1.19192 1.19664 1.19892 1.19935 1.19838 1.19631 1.19339 1.18977 1.18557 1.18086 1.1757 1.17015 1.16426 1.15807 1.15166 1.14507 1.13839 1.13169 1.12508 1.11863 1.11243 1.10659 1.10117 1.09627 1.09194 1.08825 1.08525 1.08298 1.08146 1.08069 
-80.2628 -79.7316 -77.5829 -72.4889 -63.8556 -52.4691 -40.945 -31.2395 -23.6195 -17.7956 -13.3961 -10.0871 -7.59512 -5.70717 -4.26301 -3.14522 -2.2692 -1.57453 -1.01811 -0.569043 -0.205114 0.0904266 0.33014 0.52384 0.679471 0.803577 0.901562 0.978047 1.03698 1.0817 1.11507 1.13944 1.15678 1.16866 1.17638 1.18092 1.18306 1.1834 1.18237 1.18029 1.1774 1.17386 1.16979 1.16527 1.16037 1.15514 1.14962 1.14388 1.13795 1.1319 1.12579 1.1197 1.11369 1.10786 1.10227 1.097 1.09213 1.08772 1.08384 1.08053 1.07784 1.0758 1.07443 1.07375 
-79.7503 -79.2329 -77.1243 -72.1087 -63.5658 -52.2542 -40.7411 -31.0426 -23.4364 -17.6315 -13.2534 -9.96573 -7.49381 -5.62392 -4.19562 -3.09157 -2.22735 -1.54277 -0.99494 -0.553143 -0.195356 0.0950263 0.330521 0.520746 0.673556 0.795397 0.891591 0.966676 1.02452 1.06842 1.10114 1.12503 1.14199 1.15359 1.16109 1.16546 1.16748 1.16773 1.16665 1.16457 1.16171 1.15825 1.15431 1.14997 1.1453 1.14036 1.13518 1.12982 1.12433 1.11875 1.11315 1.10758 1.10212 1.09682 1.09176 1.087 1.08261 1.07864 1.07514 1.07217 1.06975 1.06792 1.0667 1.06608 
-79.2359 -78.7315 -76.6625 -71.7248 -63.2711 -52.0385 -40.5364 -30.8448 -23.2522 -17.4665 -13.1099 -9.84376 -7.39204 -5.54031 -4.12795 -3.03768 -2.18529 -1.5108 -0.971555 -0.537027 -0.185375 0.0998732 0.331135 0.517886 0.667874 0.787449 0.881848 0.955527 1.01228 1.05534 1.08743 1.11083 1.12742 1.13874 1.14603 1.15024 1.15215 1.15232 1.1512 1.14912 1.1463 1.14291 1.13909 1.13491 1.13045 1.12576 1.12089 1.11588 1.11077 1.10561 1.10045 1.09535 1.09035 1.08553 1.08094 1.07662 1.07265 1.06906 1.06591 1.06323 1.06105 1.05941 1.0583 1.05775 
-78.7199 -78.2277 -76.1974 -71.3372 -62.9715 -51.8217 -40.3309 -30.6459 -23.067 -17.3005 -12.9655 -9.72117 -7.2898 -5.45634 -4.05999 -2.98355 -2.143 -1.47862 -0.947967 -0.520701 -0.175175 0.104949 0.331973 0.515249 0.662413 0.779721 0.872321 0.94459 1.00025 1.04247 1.07392 1.09683 1.11306 1.1241 1.13117 1.13524 1.13703 1.13714 1.13599 1.1339 1.13111 1.1278 1.12409 1.12006 1.11579 1.11133 1.10672 1.10201 1.09724 1.09245 1.08768 1.08299 1.07841 1.074 1.06981 1.06589 1.06228 1.05903 1.05618 1.05375 1.05179 1.0503 1.0493 1.0488 
-78.2021 -77.7213 -75.7289 -70.9458 -62.6673 -51.603 -40.1247 -30.446 -22.8806 -17.1335 -12.8204 -9.59796 -7.18709 -5.37202 -3.99175 -2.92918 -2.10051 -1.44624 -0.924178 -0.504173 -0.164769 0.110237 0.333025 0.512824 0.657165 0.772205 0.863001 0.933854 0.988417 1.02979 1.0606 1.08302 1.09888 1.10965 1.11651 1.12043 1.12212 1.12216 1.12098 1.11889 1.11613 1.11288 1.10927 1.10537 1.10127 1.09701 1.09265 1.08821 1.08373 1.07926 1.07484 1.07049 1.06628 1.06223 1.05839 1.05481 1.05153 1.04857 1.04598 1.04378 1.042 1.04065 1.03975 1.0393 
-77.6827 -77.2124 -75.257 -70.5505 -62.3591 -51.3818 -39.9177 -30.2452 -22.6932 -16.9655 -12.6745 -9.47413 -7.08391 -5.28734 -3.92323 -2.87458 -2.05781 -1.41366 -0.900188 -0.487454 -0.154166 0.115727 0.334277 0.510604 0.652123 0.764888 0.853877 0.923311 0.976769 1.01729 1.04745 1.06938 1.08487 1.09536 1.10203 1.10579 1.10738 1.10736 1.10614 1.10405 1.10132 1.09813 1.0946 1.09083 1.08687 1.0828 1.07864 1.07443 1.07022 1.06603 1.0619 1.05787 1.05397 1.05023 1.04671 1.04342 1.04041 1.03771 1.03535 1.03335 1.03172 1.0305 1.02968 1.02927 
-77.1616 -76.7009 -74.7817 -70.1513 -62.047 -51.1574 -39.7101 -30.0434 -22.5047 -16.7966 -12.5277 -9.34967 -6.98026 -5.20231 -3.85444 -2.81976 -2.0149 -1.38089 -0.876011 -0.47054 -0.143366 0.121411 0.335714 0.50858 0.647278 0.757765 0.844943 0.91295 0.965298 1.00497 1.03447 1.05591 1.07102 1.08124 1.0877 1.09132 1.0928 1.09271 1.09146 1.08936 1.08666 1.08352 1.08006 1.07639 1.07257 1.06865 1.06467 1.06067 1.05668 1.05274 1.04887 1.04511 1.04148 1.03802 1.03476 1.03173 1.02897 1.02649 1.02432 1.02249 1.021 1.01988 1.01913 1.01876 
-76.6389 -76.1869 -74.3029 -69.7481 -61.731 -50.9295 -39.5019 -29.8406 -22.3151 -16.6266 -12.3802 -9.22458 -6.87614 -5.11693 -3.78538 -2.76471 -1.9718 -1.34794 -0.851648 -0.453437 -0.132375 0.127286 0.33732 0.506748 0.642624 0.750831 0.83619 0.902764 0.953996 0.992803 1.02165 1.04259 1.05733 1.06726 1.07351 1.07698 1.07836 1.07819 1.0769 1.0748 1.07211 1.06901 1.06562 1.06204 1.05833 1.05454 1.05072 1.0469 1.04311 1.03938 1.03573 1.0322 1.02881 1.02559 1.02256 1.01975 1.0172 1.01491 1.01292 1.01123 1.00987 1.00884 1.00815 1.00781 
-76.1146 -75.6704 -73.8206 -69.3409 -61.4111 -50.6978 -39.2931 -29.6368 -22.1244 -16.4556 -12.2318 -9.09884 -6.77154 -5.03118 -3.71604 -2.70944 -1.9285 -1.3148 -0.827105 -0.436154 -0.121206 0.13334 0.339127 0.505095 0.638148 0.744072 0.827609 0.892746 0.942855 0.980793 1.00897 1.0294 1.04376 1.05341 1.05945 1.06276 1.06403 1.0638 1.06246 1.06034 1.05766 1.05459 1.05126 1.04775 1.04413 1.04046 1.03678 1.03311 1.02949 1.02594 1.02249 1.01915 1.01597 1.01295 1.01012 1.0075 1.00513 1.00301 1.00116 0.999599 0.99834 0.997392 0.996758 0.996442 
-75.5888 -75.1513 -73.3347 -68.9295 -61.0873 -50.4619 -39.0839 -29.432 -21.9326 -16.2836 -12.0825 -8.97245 -6.66645 -4.94508 -3.64643 -2.65395 -1.88501 -1.28147 -0.802382 -0.418695 -0.109861 0.139572 0.341121 0.503618 0.633843 0.737483 0.819194 0.882887 0.931866 0.968929 0.996434 1.01635 1.03032 1.03968 1.0455 1.04866 1.04981 1.0495 1.04812 1.04597 1.04329 1.04024 1.03695 1.0335 1.02996 1.02639 1.02282 1.01928 1.01581 1.01241 1.00912 1.00596 1.00294 1.0001 0.997442 0.994993 0.99277 0.990791 0.98907 0.987619 0.98645 0.985569 0.984982 0.984688 
-75.0614 -74.6297 -72.8451 -68.5138 -60.7596 -50.2215 -38.8743 -29.2261 -21.7395 -16.1105 -11.9324 -8.84539 -6.56086 -4.85861 -3.57654 -2.59823 -1.84132 -1.24796 -0.777475 -0.40106 -0.0983434 0.145978 0.343291 0.502312 0.629705 0.731057 0.810938 0.873181 0.921023 0.957203 0.984028 1.00343 1.017 1.02606 1.03166 1.03465 1.03568 1.03528 1.03384 1.03167 1.02898 1.02594 1.02268 1.01927 1.0158 1.01231 1.00884 1.00541 1.00205 0.998784 0.995634 0.992615 0.989748 0.98705 0.984538 0.982229 0.980138 0.97828 0.976667 0.975309 0.974216 0.973394 0.972845 0.972572 
-74.5326 -74.1056 -72.3519 -68.0939 -60.4278 -49.9763 -38.6644 -29.0193 -21.5453 -15.9363 -11.7814 -8.71764 -6.45477 -4.77177 -3.50637 -2.54229 -1.79745 -1.21427 -0.752375 -0.383249 -0.0866577 0.152552 0.345628 0.501168 0.62573 0.724791 0.802837 0.863624 0.910321 0.945609 0.971745 0.990616 1.00379 1.01254 1.01791 1.02072 1.02163 1.02114 1.01963 1.01742 1.01471 1.01167 1.00842 1.00506 1.00163 0.998205 0.994806 0.991465 0.988207 0.985051 0.982016 0.979119 0.976376 0.973802 0.971412 0.969221 0.967242 0.965486 0.963964 0.962686 0.961657 0.960884 0.960369 0.960112 
-74.0023 -73.5789 -71.855 -67.6695 -60.0919 -49.7261 -38.4545 -28.8113 -21.3498 -15.761 -11.6294 -8.58919 -6.34815 -4.68454 -3.43591 -2.48613 -1.75338 -1.1804 -0.727068 -0.365269 -0.0748082 0.159291 0.348128 0.500175 0.621913 0.718681 0.794888 0.854211 0.899755 0.934141 0.959578 0.977912 0.990671 0.999109 1.00424 1.00687 1.00764 1.00705 1.00547 1.00321 1.00047 0.997421 0.994179 0.990832 0.987443 0.984061 0.980721 0.977451 0.974272 0.971205 0.968265 0.965468 0.962827 0.960356 0.958069 0.955976 0.95409 0.95242 0.950975 0.949763 0.948789 0.948058 0.947571 0.947328 
-73.4706 -73.0499 -71.3543 -67.2405 -59.7518 -49.4704 -38.2446 -28.6023 -21.1531 -15.5845 -11.4765 -8.46002 -6.241 -4.59692 -3.36515 -2.42973 -1.70912 -1.14635 -0.701558 -0.347131 -0.0627947 0.1662 0.350796 0.499321 0.618258 0.712726 0.787089 0.844939 0.889319 0.922795 0.947523 0.965308 0.977645 0.985758 0.990639 0.993079 0.993704 0.993002 0.991347 0.989024 0.986247 0.983175 0.979926 0.976585 0.973217 0.969867 0.96657 0.963353 0.960237 0.957239 0.954375 0.951658 0.949101 0.946715 0.944511 0.9425 0.940691 0.939092 0.937711 0.936554 0.935626 0.934929 0.934465 0.934234 
-72.9376 -72.5183 -70.8498 -66.807 -59.4073 -49.2089 -38.035 -28.3921 -20.955 -15.4069 -11.3227 -8.3301 -6.13331 -4.5089 -3.2941 -2.37309 -1.66465 -1.11213 -0.675939 -0.328819 -0.0506065 0.173278 0.353628 0.498649 0.614755 0.70692 0.779432 0.835802 0.879009 0.911563 0.935572 0.952799 0.964703 0.972482 0.977103 0.979343 0.979814 0.978992 0.977245 0.974853 0.972026 0.968921 0.965652 0.962306 0.958944 0.955612 0.952343 0.949163 0.946092 0.943147 0.940342 0.937688 0.935197 0.932878 0.930742 0.928796 0.92705 0.925509 0.92418 0.923069 0.922177 0.921509 0.921064 0.920843 
-72.4033 -71.9843 -70.3414 -66.3687 -59.0585 -48.9413 -37.8258 -28.1806 -20.7556 -15.228 -11.1678 -8.19943 -6.02506 -4.42048 -3.22273 -2.31621 -1.61998 -1.07773 -0.65018 -0.310346 -0.0382499 0.180525 0.356629 0.49815 0.611409 0.701263 0.771912 0.826794 0.86882 0.900442 0.923721 0.940378 0.951838 0.959271 0.963623 0.965653 0.965958 0.965005 0.963156 0.960685 0.957797 0.954646 0.951347 0.947983 0.944614 0.941285 0.938029 0.934872 0.931831 0.928923 0.92616 0.923554 0.921113 0.918846 0.916763 0.914869 0.913172 0.911678 0.910391 0.909315 0.908454 0.907809 0.907379 0.907166 
-71.8677 -71.4479 -69.8292 -65.9256 -58.7052 -48.6676 -37.6165 -27.9678 -20.5549 -15.0478 -11.012 -8.068 -5.91625 -4.33164 -3.15106 -2.25908 -1.57511 -1.04316 -0.624262 -0.29171 -0.0257265 0.187939 0.359796 0.497815 0.608214 0.69575 0.76453 0.817914 0.858748 0.889428 0.911965 0.92804 0.939045 0.94612 0.950192 0.951999 0.952127 0.951034 0.949072 0.946509 0.943549 0.940342 0.937 0.933604 0.930215 0.926877 0.923621 0.920472 0.917447 0.914561 0.911826 0.909252 0.906847 0.904619 0.902575 0.90072 0.899061 0.897603 0.896348 0.895301 0.894463 0.893836 0.893419 0.893212 
-71.3309 -70.909 -69.3129 -65.4775 -58.3472 -48.3886 -37.4059 -27.7538 -20.3528 -14.8665 -10.8551 -7.93581 -5.80688 -4.24239 -3.07908 -2.20171 -1.53004 -1.00841 -0.598174 -0.272906 -0.0130343 0.195521 0.36313 0.497638 0.605162 0.690378 0.757283 0.80916 0.848791 0.878516 0.900299 0.91578 0.926317 0.933023 0.936802 0.938375 0.938315 0.937069 0.934982 0.932317 0.929272 0.925997 0.9226 0.919161 0.91574 0.912379 0.90911 0.905955 0.902932 0.900055 0.897335 0.89478 0.892398 0.890195 0.888178 0.886351 0.88472 0.883288 0.882057 0.881031 0.880211 0.879598 0.87919 0.878988 
-70.793 -70.3678 -68.7927 -65.0242 -57.9845 -48.1048 -37.1928 -27.5385 -20.1494 -14.6839 -10.6972 -7.80286 -5.69696 -4.15273 -3.00678 -2.1441 -1.48476 -0.973473 -0.571907 -0.253928 -0.000170236 0.203274 0.366629 0.497618 0.602237 0.685147 0.750173 0.800532 0.838947 0.867705 0.88872 0.903594 0.91365 0.919974 0.923447 0.924774 0.924513 0.923102 0.920878 0.918099 0.914959 0.911602 0.908138 0.904644 0.901178 0.897782 0.894487 0.891314 0.888281 0.8854 0.882681 0.880133 0.877762 0.875573 0.873572 0.871763 0.87015 0.868735 0.867522 0.866511 0.865703 0.865099 0.864699 0.864499 
-70.2539 -69.8241 -68.2684 -64.5658 -57.6169 -47.8164 -36.9765 -27.3221 -19.9448 -14.5001 -10.5384 -7.66914 -5.58647 -4.06266 -2.93418 -2.08623 -1.43926 -0.938343 -0.545453 -0.234771 0.0128668 0.211196 0.370293 0.497753 0.599456 0.680058 0.743193 0.792024 0.829212 0.85699 0.877225 0.891478 0.901039 0.906968 0.910121 0.911188 0.910714 0.909126 0.906753 0.903847 0.900598 0.897149 0.893606 0.890044 0.886522 0.883079 0.879745 0.876542 0.873486 0.870589 0.867861 0.865307 0.862936 0.860751 0.858756 0.856955 0.855352 0.853947 0.852743 0.851741 0.850942 0.850344 0.849948 0.849751 
-69.7138 -69.2782 -67.74 -64.102 -57.2442 -47.5236 -36.7563 -27.1046 -19.7389 -14.3151 -10.3785 -7.53465 -5.47541 -3.97217 -2.86125 -2.0281 -1.39353 -0.903005 -0.518808 -0.215435 0.0260759 0.219284 0.374117 0.498045 0.596844 0.675106 0.736338 0.783631 0.819583 0.846369 0.865811 0.879429 0.888481 0.893999 0.896819 0.897613 0.896912 0.895133 0.892597 0.889552 0.886183 0.882629 0.878994 0.875353 0.871762 0.868259 0.864876 0.861631 0.858541 0.855617 0.852867 0.850299 0.847917 0.845725 0.843728 0.841927 0.840325 0.838923 0.837723 0.836725 0.83593 0.835335 0.834941 0.834745 
-69.1726 -68.7299 -67.2074 -63.6326 -56.8665 -47.2263 -36.5317 -26.886 -19.5317 -14.1289 -10.2176 -7.39936 -5.36377 -3.88126 -2.78799 -1.96969 -1.34755 -0.867432 -0.491974 -0.195919 0.0394607 0.227543 0.378108 0.498499 0.594392 0.670292 0.729609 0.775355 0.810058 0.835839 0.854474 0.867442 0.875971 0.881063 0.883535 0.884041 0.883099 0.881115 0.878404 0.875206 0.871704 0.868033 0.864294 0.860562 0.85689 0.853317 0.849871 0.846574 0.843439 0.840477 0.837696 0.835103 0.832701 0.830494 0.828485 0.826676 0.825069 0.823664 0.822462 0.821464 0.820668 0.820074 0.81968 0.819485 
-68.6306 -68.1795 -66.6706 -63.1577 -56.4834 -46.9244 -36.3022 -26.6666 -19.3232 -13.9413 -10.0556 -7.26326 -5.25154 -3.7899 -2.7144 -1.911 -1.30133 -0.83163 -0.464921 -0.176203 0.0530338 0.235984 0.382274 0.499122 0.592095 0.665609 0.723007 0.767197 0.80064 0.825402 0.843213 0.855516 0.863505 0.868156 0.870265 0.870468 0.86927 0.867067 0.864166 0.860803 0.857153 0.853352 0.849497 0.845661 0.841897 0.838242 0.834724 0.831363 0.828173 0.825163 0.822342 0.819714 0.817283 0.815053 0.813025 0.811201 0.809582 0.808168 0.80696 0.805957 0.805158 0.804561 0.804166 0.80397 
-68.0876 -67.6269 -66.1296 -62.677 -56.0949 -46.6178 -36.0673 -26.4465 -19.1134 -13.7524 -9.89247 -7.12633 -5.13869 -3.69809 -2.64045 -1.85203 -1.25484 -0.795575 -0.437638 -0.156278 0.0668036 0.244613 0.386623 0.49992 0.589958 0.661044 0.716534 0.759162 0.791329 0.815055 0.832027 0.843649 0.85108 0.855274 0.857003 0.856886 0.855417 0.85298 0.849876 0.846332 0.842523 0.838579 0.834595 0.830644 0.826775 0.823027 0.819426 0.815991 0.812735 0.809669 0.806797 0.804126 0.801659 0.799397 0.797344 0.795499 0.793862 0.792434 0.791215 0.790203 0.789398 0.788797 0.788399 0.788201 
-67.5437 -67.0722 -65.5842 -62.1904 -55.7008 -46.3063 -35.8265 -26.226 -18.9023 -13.5621 -9.72823 -6.98852 -5.0252 -3.6058 -2.56615 -1.79276 -1.20808 -0.759229 -0.410115 -0.136139 0.0807751 0.253438 0.391159 0.500894 0.587983 0.656628 0.710193 0.751246 0.782124 0.804799 0.820915 0.831836 0.838693 0.842412 0.843743 0.843291 0.841534 0.838848 0.835524 0.831786 0.827804 0.823703 0.819579 0.815499 0.811516 0.807664 0.803969 0.80045 0.797119 0.793986 0.791056 0.788334 0.785823 0.783523 0.781438 0.779565 0.777906 0.77646 0.775225 0.774202 0.773387 0.772779 0.772377 0.772177 
-66.9992 -66.5155 -65.0345 -61.6977 -55.3008 -45.9899 -35.5791 -26.0054 -18.6898 -13.3704 -9.56279 -6.84981 -4.91104 -3.51303 -2.49147 -1.73319 -1.16104 -0.722542 -0.382358 -0.115786 0.094957 0.262467 0.395891 0.502051 0.586177 0.652383 0.703986 0.743447 0.773022 0.794631 0.809872 0.820076 0.82634 0.829565 0.830481 0.829675 0.827613 0.824661 0.821103 0.817157 0.812986 0.808716 0.804438 0.800219 0.796109 0.792142 0.788343 0.784731 0.781317 0.778109 0.775113 0.772332 0.769769 0.767426 0.765302 0.763397 0.761711 0.760242 0.758989 0.75795 0.757124 0.756508 0.7561 0.755898 
-66.4538 -65.9568 -64.4804 -61.1988 -54.8947 -45.6683 -35.3246 -25.7851 -18.4757 -13.1771 -9.39611 -6.71017 -4.7962 -3.41974 -2.41639 -1.67329 -1.11372 -0.685563 -0.354356 -0.0951916 0.109373 0.271721 0.400834 0.503405 0.584554 0.648307 0.697914 0.735768 0.764024 0.784549 0.798898 0.808365 0.814016 0.816728 0.817209 0.816032 0.813648 0.810414 0.806605 0.802434 0.798061 0.793608 0.789164 0.784793 0.780545 0.776453 0.77254 0.768825 0.765318 0.762028 0.758959 0.756113 0.753492 0.751098 0.748931 0.74699 0.745273 0.743778 0.742503 0.741447 0.740607 0.739981 0.739567 0.739361 
-65.9079 -65.3962 -63.922 -60.6936 -54.4824 -45.3414 -35.0623 -25.5654 -18.26 -12.9823 -9.22814 -6.56956 -4.68064 -3.32592 -2.34089 -1.61304 -1.0661 -0.64841 -0.326072 -0.0743189 0.124052 0.281221 0.406009 0.504974 0.583128 0.644405 0.691967 0.728207 0.75513 0.774553 0.787991 0.796699 0.801718 0.803895 0.803923 0.802354 0.799629 0.796095 0.792019 0.787608 0.783019 0.778369 0.773745 0.769211 0.764813 0.760586 0.75655 0.752723 0.749116 0.745736 0.742587 0.739669 0.736985 0.734536 0.732321 0.730339 0.728586 0.727063 0.725764 0.724688 0.723832 0.723196 0.722775 0.722566 
-65.3613 -64.8338 -63.3591 -60.1819 -54.0635 -45.0091 -34.792 -25.346 -18.0425 -12.7857 -9.05887 -6.42798 -4.56438 -3.23155 -2.26496 -1.55243 -1.01817 -0.611009 -0.29751 -0.0531627 0.139006 0.290981 0.411425 0.506767 0.581906 0.640679 0.686148 0.720768 0.746341 0.764642 0.777146 0.785075 0.789439 0.791061 0.790613 0.788633 0.785548 0.781695 0.777335 0.772668 0.767847 0.762986 0.75817 0.75346 0.748903 0.74453 0.740362 0.736415 0.732699 0.729223 0.72599 0.722994 0.720242 0.717734 0.715468 0.71344 0.711649 0.710091 0.708765 0.70767 0.706799 0.706151 0.705722 0.705509 
-64.8142 -64.2695 -62.7918 -59.6634 -53.638 -44.6711 -34.5148 -25.1248 -17.8232 -12.5877 -8.88836 -6.28545 -4.4474 -3.13664 -2.18858 -1.49144 -0.969919 -0.573308 -0.26865 -0.0317146 0.15424 0.301008 0.417092 0.508788 0.580887 0.63713 0.680503 0.71344 0.737648 0.754809 0.766359 0.773487 0.777172 0.778217 0.777272 0.774859 0.771394 0.767204 0.762541 0.757601 0.752533 0.747447 0.742427 0.737529 0.732801 0.728274 0.723966 0.719891 0.716061 0.71248 0.70915 0.706078 0.703257 0.700686 0.698364 0.696288 0.694455 0.692864 0.69151 0.690392 0.689504 0.688843 0.688406 0.688189 
-64.2667 -63.7035 -62.2201 -59.1382 -53.2054 -44.3272 -34.2314 -24.9001 -17.6022 -12.3881 -8.71663 -6.14201 -4.32974 -3.04119 -2.11175 -1.43005 -0.921313 -0.535263 -0.239472 -0.00996374 0.169765 0.311312 0.423018 0.511049 0.580083 0.633771 0.675024 0.706225 0.729047 0.745049 0.755624 0.761927 0.764911 0.765355 0.763889 0.761022 0.757155 0.752607 0.747624 0.742395 0.737063 0.731737 0.726501 0.721404 0.716495 0.7118 0.707343 0.703139 0.699189 0.6955 0.692075 0.688916 0.68602 0.683383 0.681003 0.678877 0.677003 0.675376 0.673993 0.67285 0.671943 0.671268 0.670822 0.670601 
-63.7186 -63.1358 -61.644 -58.6059 -52.7654 -43.9773 -33.942 -24.6707 -17.3795 -12.1871 -8.54372 -5.99767 -4.21139 -2.94519 -2.03444 -1.36821 -0.872264 -0.496874 -0.209972 0.0120986 0.185592 0.321905 0.429217 0.513562 0.57951 0.630617 0.669718 0.69911 0.720533 0.735356 0.744933 0.750388 0.752645 0.752463 0.750453 0.747107 0.742817 0.737892 0.732568 0.727033 0.721422 0.715842 0.71037 0.705068 0.69997 0.695105 0.690493 0.686147 0.682072 0.678272 0.674747 0.671499 0.668525 0.665819 0.66338 0.661203 0.659285 0.657621 0.656208 0.65504 0.654114 0.653425 0.652969 0.652744 
-63.1703 -62.5666 -61.0634 -58.0664 -52.3179 -43.6211 -33.6466 -24.4354 -17.1552 -11.9847 -8.36961 -5.85242 -4.09235 -2.84864 -1.95665 -1.3059 -0.822752 -0.458079 -0.180109 0.0345015 0.201744 0.332807 0.435707 0.516343 0.579178 0.627674 0.664583 0.692126 0.712096 0.725722 0.734276 0.738856 0.740362 0.739528 0.736948 0.7331 0.728364 0.72304 0.717356 0.711492 0.705589 0.699744 0.694031 0.688509 0.683213 0.67817 0.673398 0.668906 0.664702 0.660786 0.657159 0.65382 0.650764 0.647989 0.645489 0.64326 0.641297 0.639596 0.638151 0.636959 0.636013 0.63531 0.634845 0.634614 
-62.6215 -61.9958 -60.4785 -57.5195 -51.8625 -43.2583 -33.3452 -24.1933 -16.9296 -11.7808 -8.19428 -5.70624 -3.97261 -2.75153 -1.87837 -1.2431 -0.77271 -0.418836 -0.149849 0.0572748 0.218248 0.344042 0.442507 0.519408 0.579098 0.624948 0.659631 0.685306 0.703752 0.71612 0.723634 0.727317 0.728044 0.726532 0.723358 0.718981 0.713775 0.708026 0.701965 0.69576 0.689547 0.683424 0.677461 0.671711 0.66621 0.660982 0.656043 0.651403 0.647065 0.643031 0.6393 0.635868 0.632731 0.629885 0.627324 0.625043 0.623035 0.621296 0.61982 0.618602 0.617637 0.61692 0.616445 0.61621 
-62.0726 -61.4235 -59.8893 -56.9652 -51.3988 -42.8888 -33.0376 -23.9432 -16.703 -11.5754 -8.01768 -5.55911 -3.85215 -2.65383 -1.79958 -1.17982 -0.722025 -0.379141 -0.119171 0.0804511 0.235138 0.355641 0.449643 0.522776 0.579286 0.622453 0.654875 0.678645 0.695484 0.706579 0.712995 0.715751 0.715675 0.713456 0.709654 0.704724 0.699021 0.69283 0.686372 0.679812 0.673278 0.666865 0.660642 0.654657 0.648944 0.643526 0.638417 0.633625 0.629152 0.624998 0.621161 0.617636 0.614418 0.611501 0.608879 0.606545 0.604494 0.602718 0.601211 0.599969 0.598984 0.598253 0.59777 0.59753 
-61.5233 -60.85 -59.2957 -56.4032 -50.9266 -42.5121 -32.7234 -23.6841 -16.476 -11.3684 -7.83973 -5.41098 -3.73093 -2.55551 -1.72024 -1.11602 -0.670786 -0.338948 -0.0880122 0.104088 0.25246 0.367639 0.45714 0.526466 0.579755 0.620197 0.650313 0.672129 0.687288 0.697093 0.702377 0.704151 0.703224 0.700262 0.695807 0.690297 0.68408 0.677429 0.670558 0.663628 0.656761 0.650048 0.643555 0.637328 0.631398 0.625786 0.620504 0.615558 0.610949 0.606675 0.602732 0.599115 0.595816 0.59283 0.590148 0.587763 0.585669 0.583857 0.582321 0.581054 0.580052 0.579307 0.578815 0.578571 
-60.9739 -60.2751 -58.6979 -55.8333 -50.4455 -42.1279 -32.4026 -23.4148 -16.2488 -11.1595 -7.66036 -5.26184 -3.60894 -2.45653 -1.64029 -1.05164 -0.619169 -0.298182 -0.0562885 0.128249 0.270262 0.38007 0.465024 0.530494 0.580509 0.618173 0.645929 0.665737 0.679191 0.687606 0.691729 0.69249 0.690678 0.686939 0.681801 0.675687 0.668932 0.661801 0.6545 0.647185 0.639973 0.632951 0.626181 0.619706 0.613555 0.607746 0.60229 0.597189 0.592444 0.588051 0.584004 0.580296 0.576919 0.573866 0.571126 0.568693 0.566557 0.56471 0.563147 0.561858 0.560838 0.560081 0.559581 0.559333 
-60.4244 -59.699 -58.096 -55.2555 -49.955 -41.7359 -32.0749 -23.1359 -16.0196 -10.9487 -7.47965 -5.11176 -3.48622 -2.35691 -1.55971 -0.986685 -0.567024 -0.256826 -0.0239777 0.152965 0.288574 0.392962 0.473314 0.53487 0.581554 0.616381 0.641719 0.659465 0.671161 0.678073 0.681026 0.680743 0.678012 0.673465 0.667614 0.660867 0.653551 0.645921 0.638174 0.630459 0.622891 0.615551 0.608497 0.601769 0.595395 0.589389 0.583758 0.578504 0.573625 0.569115 0.564967 0.561172 0.55772 0.554602 0.551808 0.549329 0.547154 0.545277 0.543687 0.542378 0.541342 0.540573 0.540066 0.539814 
-59.8747 -59.1219 -57.49 -54.6696 -49.4548 -41.3355 -31.7397 -22.8482 -15.7856 -10.7363 -7.2978 -4.96086 -3.36284 -2.25664 -1.47848 -0.921079 -0.514225 -0.21484 0.0089417 0.178257 0.307418 0.406332 0.482023 0.539602 0.58289 0.614814 0.63767 0.653292 0.663164 0.668493 0.670229 0.66887 0.665191 0.659806 0.653213 0.645808 0.637908 0.629758 0.621548 0.613422 0.605487 0.597822 0.59048 0.583498 0.576899 0.570696 0.564893 0.559489 0.55448 0.549858 0.545613 0.541735 0.538213 0.535035 0.53219 0.529669 0.52746 0.525553 0.52394 0.522613 0.521563 0.520785 0.520271 0.520016 
-59.3249 -58.5438 -56.88 -54.0754 -48.9445 -40.9263 -31.3969 -22.5525 -15.5442 -10.5225 -7.11489 -4.80924 -3.23886 -2.15574 -1.39648 -0.854591 -0.460778 -0.17222 0.042488 0.20415 0.326819 0.420201 0.491164 0.544695 0.584512 0.613459 0.63376 0.647187 0.65517 0.658877 0.65928 0.656822 0.65217 0.64592 0.638558 0.630471 0.621965 0.613277 0.60459 0.596041 0.587733 0.579737 0.572105 0.564869 0.558047 0.55165 0.545679 0.540131 0.534997 0.530268 0.525933 0.521978 0.518391 0.515159 0.512269 0.50971 0.507471 0.505539 0.503907 0.502564 0.501502 0.500715 0.500196 0.499939 
-58.775 -57.9647 -56.2662 -53.4728 -48.4235 -40.5079 -31.0462 -22.2487 -15.2932 -10.3074 -6.93091 -4.65692 -3.11434 -2.05425 -1.31375 -0.787193 -0.406505 -0.128852 0.0767368 0.230698 0.346815 0.434594 0.50075 0.550148 0.586411 0.612298 0.629966 0.641125 0.647156 0.64918 0.648108 0.644559 0.638904 0.631759 0.623603 0.614811 0.60568 0.596438 0.587262 0.578282 0.569595 0.561268 0.553345 0.545857 0.538818 0.532233 0.526101 0.520415 0.515165 0.510338 0.505919 0.501895 0.498251 0.494971 0.492043 0.489452 0.487187 0.485235 0.483587 0.482232 0.481161 0.480367 0.479844 0.479584 
-58.2251 -57.3849 -55.6487 -52.8617 -47.8914 -40.0796 -30.687 -21.9368 -15.0309 -10.0911 -6.74563 -4.50395 -2.98937 -1.95224 -1.23033 -0.718675 -0.351384 -0.084672 0.111763 0.257965 0.367452 0.449537 0.510789 0.555957 0.588568 0.611304 0.626251 0.635062 0.639065 0.639335 0.636744 0.631999 0.62532 0.617262 0.608291 0.598776 0.589003 0.579196 0.569522 0.560107 0.551039 0.542381 0.534173 0.526439 0.51919 0.512426 0.506143 0.500329 0.494973 0.490057 0.485566 0.481482 0.477789 0.47447 0.47151 0.468895 0.46661 0.464643 0.462983 0.461619 0.460542 0.459744 0.459218 0.458957 
-57.675 -56.8043 -55.0277 -52.242 -47.3477 -39.6408 -30.3189 -21.6164 -14.7587 -9.86933 -6.55949 -4.35057 -2.86412 -1.84976 -1.14621 -0.649252 -0.295308 -0.0395429 0.147678 0.286028 0.388777 0.465052 0.521282 0.562105 0.590955 0.610436 0.622567 0.628943 0.630841 0.629291 0.625133 0.619058 0.611353 0.602365 0.592561 0.582307 0.571881 0.5615 0.551325 0.541472 0.532027 0.523045 0.514559 0.50659 0.499142 0.492211 0.48579 0.479862 0.474412 0.46942 0.464867 0.460735 0.457003 0.453655 0.450672 0.448039 0.445742 0.443766 0.442099 0.44073 0.43965 0.43885 0.438322 0.438061 
-57.1247 -56.2231 -54.4034 -51.6137 -46.7919 -39.191 -29.9412 -21.2872 -14.4775 -9.63876 -6.37236 -4.1968 -2.73868 -1.74684 -1.06137 -0.579184 -0.238158 0.00666321 0.184574 0.314946 0.410817 0.481142 0.532212 0.568557 0.593522 0.609634 0.618848 0.622698 0.622413 0.618976 0.613186 0.605679 0.596924 0.586987 0.576339 0.565336 0.554252 0.543294 0.532618 0.522334 0.51252 0.503224 0.494474 0.486284 0.478653 0.471572 0.465028 0.459002 0.453474 0.448421 0.443821 0.439653 0.435895 0.432527 0.429532 0.42689 0.424587 0.422608 0.42094 0.419571 0.418491 0.417691 0.417164 0.416903 
-56.5743 -55.6414 -53.7759 -50.9767 -46.2234 -38.7292 -29.5533 -20.9486 -14.1875 -9.40001 -6.18001 -4.04278 -2.61328 -1.64364 -0.975889 -0.508269 -0.17996 0.0539354 0.222454 0.344716 0.433557 0.497772 0.543527 0.575249 0.596194 0.608817 0.615004 0.616235 0.613684 0.60829 0.600807 0.591846 0.581918 0.571033 0.559542 0.54779 0.536047 0.524516 0.513347 0.502644 0.492475 0.482882 0.473888 0.465497 0.457703 0.450493 0.443847 0.437743 0.432155 0.427058 0.422427 0.418238 0.414467 0.411092 0.408094 0.405453 0.403152 0.401177 0.399514 0.398149 0.397074 0.396277 0.395753 0.395493 
-56.0236 -55.0592 -53.1456 -50.331 -45.6417 -38.2548 -29.1543 -20.5999 -13.8884 -9.15337 -5.98199 -3.88517 -2.48742 -1.5405 -0.889744 -0.436626 -0.120848 0.10218 0.26125 0.375279 0.456933 0.51487 0.555143 0.582083 0.598866 0.607871 0.610921 0.609438 0.604543 0.597128 0.587908 0.577452 0.566207 0.554421 0.542085 0.529585 0.51719 0.5051 0.493454 0.48235 0.471849 0.461985 0.452771 0.444206 0.436276 0.428962 0.422239 0.416078 0.410452 0.405331 0.400688 0.396494 0.392725 0.389356 0.386367 0.383737 0.381449 0.379485 0.377832 0.376478 0.37541 0.37462 0.3741 0.373842 
-55.4725 -54.4766 -52.5127 -49.6767 -45.0461 -37.7667 -28.7433 -20.2404 -13.5798 -8.89873 -5.77795 -3.7233 -2.35849 -1.43669 -0.803362 -0.364423 -0.0609557 0.151282 0.30086 0.406532 0.480835 0.532315 0.566928 0.588921 0.601391 0.606649 0.606452 0.602162 0.594848 0.585352 0.574344 0.562355 0.549801 0.537015 0.523851 0.510624 0.4976 0.484971 0.472876 0.461401 0.450599 0.440496 0.431096 0.42239 0.414356 0.406969 0.400197 0.394008 0.388369 0.383247 0.37861 0.37443 0.370679 0.367332 0.364365 0.361757 0.359489 0.357545 0.35591 0.354571 0.353516 0.352735 0.352221 0.351967 
-54.921 -53.8937 -51.8775 -49.0138 -44.4361 -37.264 -28.3193 -19.869 -13.2609 -8.63573 -5.56748 -3.55664 -2.22596 -1.33001 -0.7159 -0.29213 -0.000547334 0.201062 0.34113 0.438324 0.505103 0.549936 0.578703 0.595576 0.603582 0.604962 0.601411 0.59423 0.584429 0.572803 0.559975 0.546435 0.532568 0.518685 0.50474 0.490813 0.477187 0.464055 0.451547 0.439742 0.428682 0.418384 0.40884 0.400033 0.391935 0.38451 0.377724 0.371536 0.365912 0.360814 0.356207 0.352062 0.348346 0.345035 0.342104 0.33953 0.337294 0.335378 0.333768 0.332449 0.331411 0.330643 0.330137 0.329887 
-54.369 -53.3105 -51.2403 -48.3426 -43.8112 -36.7457 -27.8812 -19.4847 -12.931 -8.36374 -5.35007 -3.38465 -2.0893 -1.22005 -0.625751 -0.219258 0.0600858 0.251297 0.381852 0.470444 0.529516 0.567501 0.590226 0.601804 0.605195 0.602574 0.595571 0.585424 0.573086 0.559296 0.54463 0.529534 0.514353 0.499341 0.484637 0.470043 0.455858 0.442271 0.429403 0.417322 0.406059 0.395619 0.385984 0.377126 0.369008 0.361589 0.354825 0.348675 0.343096 0.33805 0.333498 0.329408 0.325748 0.32249 0.319609 0.317081 0.314887 0.313009 0.31143 0.310139 0.309122 0.30837 0.307875 0.30763 
-53.8162 -52.7271 -50.6015 -47.6632 -43.1706 -36.2105 -27.4276 -19.0861 -12.5888 -8.08194 -5.12502 -3.20672 -1.94793 -1.1064 -0.533071 -0.144081 0.121152 0.30167 0.42273 0.502596 0.553771 0.5847 0.601184 0.607291 0.605923 0.59919 0.588654 0.575486 0.560578 0.54461 0.528106 0.511466 0.494992 0.478911 0.463403 0.448194 0.433513 0.419538 0.406379 0.394093 0.382697 0.372181 0.362517 0.353666 0.345582 0.338216 0.331519 0.325444 0.319945 0.31498 0.31051 0.306499 0.302915 0.299728 0.296912 0.294443 0.292303 0.290471 0.288933 0.287674 0.286684 0.285952 0.28547 0.285231 
-53.2625 -52.1435 -49.9615 -46.9761 -42.5139 -35.6571 -26.9569 -18.6716 -12.2331 -7.78928 -4.89151 -3.02213 -1.80123 -0.988579 -0.437264 -0.0666239 0.183697 0.351975 0.463323 0.534369 0.577465 0.601127 0.611173 0.611642 0.605385 0.594448 0.580321 0.564104 0.546621 0.528491 0.51018 0.492038 0.474325 0.45723 0.440899 0.425163 0.410063 0.395782 0.38242 0.370015 0.358571 0.34806 0.338441 0.329664 0.321674 0.314415 0.307832 0.301874 0.296492 0.291642 0.287282 0.283374 0.279887 0.276789 0.274055 0.27166 0.269584 0.267809 0.266319 0.2651 0.264141 0.263432 0.262966 0.262735 
-52.7077 -51.5597 -49.3208 -46.2815 -41.8406 -35.084 -26.4674 -18.2394 -11.8623 -7.48452 -4.64857 -2.83006 -1.64824 -0.865211 -0.33841 0.0128531 0.247461 0.402759 0.503199 0.565237 0.60008 0.616271 0.619687 0.614365 0.603114 0.587911 0.570171 0.550914 0.530889 0.510648 0.490595 0.471027 0.452156 0.434127 0.417024 0.400841 0.385417 0.370935 0.357478 0.345064 0.333673 0.323261 0.313773 0.305145 0.297316 0.290223 0.283806 0.278011 0.272785 0.268083 0.263863 0.260085 0.256717 0.253729 0.251092 0.248785 0.246786 0.245078 0.243644 0.242472 0.241549 0.240868 0.240419 0.240197 
-52.1517 -50.9757 -48.6797 -45.5802 -41.1501 -34.4898 -25.9571 -17.7872 -11.4745 -7.16612 -4.39508 -2.62981 -1.48875 -0.735992 -0.235898 0.0945295 0.312327 0.453737 0.542505 0.594602 0.62099 0.6295 0.626101 0.614857 0.598539 0.579054 0.557725 0.535486 0.513002 0.490747 0.469062 0.448184 0.428272 0.409429 0.391704 0.375121 0.359488 0.344943 0.331529 0.319236 0.308018 0.297813 0.288549 0.280156 0.272561 0.265697 0.259501 0.253916 0.248888 0.24437 0.24032 0.2367 0.233475 0.230615 0.228094 0.225889 0.22398 0.222349 0.22098 0.219861 0.218981 0.218331 0.217903 0.217691 
-51.5942 -50.3915 -48.0389 -44.8727 -40.4422 -33.8725 -25.4236 -17.3121 -11.0672 -6.83223 -4.12962 -2.42036 -1.32218 -0.600905 -0.129651 0.17837 0.378038 0.504466 0.58067 0.622117 0.639423 0.640042 0.629653 0.612384 0.590978 0.567253 0.542427 0.51733 0.492531 0.468423 0.44527 0.423249 0.402466 0.382975 0.364795 0.347921 0.33223 0.317787 0.304581 0.29256 0.281651 0.271771 0.262837 0.254766 0.247482 0.240914 0.234996 0.22967 0.224883 0.220587 0.216739 0.213303 0.210245 0.207535 0.205148 0.203061 0.201254 0.19971 0.198416 0.197358 0.196525 0.19591 0.195505 0.195305 
-51.0349 -49.8072 -47.3987 -44.1599 -39.7167 -33.2305 -24.8642 -16.811 -10.6376 -6.48054 -3.85038 -2.20025 -1.1476 -0.4609 -0.0195911 0.264144 0.444054 0.554198 0.61683 0.64687 0.654538 0.646961 0.629415 0.60606 0.579614 0.551777 0.523634 0.495889 0.469004 0.443276 0.418893 0.395961 0.37453 0.35461 0.336177 0.319186 0.303637 0.289498 0.276689 0.265109 0.254657 0.24523 0.236732 0.229077 0.222183 0.215978 0.210397 0.20538 0.200877 0.196839 0.193227 0.190003 0.187136 0.184597 0.182361 0.180407 0.178716 0.177272 0.176061 0.175071 0.174292 0.173716 0.173338 0.17315 
-50.4739 -49.2227 -46.76 -43.443 -38.9736 -32.5616 -24.2757 -16.2797 -10.1821 -6.10825 -3.5552 -1.96767 -0.963305 -0.315661 0.0932586 0.350689 0.509148 0.601652 0.649669 0.667545 0.665069 0.649043 0.624278 0.594826 0.563491 0.531788 0.500625 0.470555 0.441914 0.414897 0.389603 0.366068 0.344283 0.324206 0.305776 0.288911 0.273765 0.260172 0.247971 0.237014 0.227171 0.218325 0.210374 0.203226 0.196801 0.191026 0.185838 0.18118 0.177003 0.173261 0.169916 0.166933 0.164281 0.161934 0.159868 0.158063 0.156501 0.155167 0.154048 0.153134 0.152415 0.151883 0.151533 0.151359 
-49.9109 -48.6381 -46.1233 -42.7232 -38.2133 -31.8639 -23.6543 -15.7129 -9.69635 -5.71193 -3.2417 -1.72106 -0.767309 -0.165468 0.207689 0.436429 0.571575 0.645005 0.677362 0.682369 0.669334 0.644677 0.612868 0.577431 0.54151 0.506347 0.472616 0.440686 0.410751 0.38289 0.357109 0.333369 0.311596 0.291698 0.273577 0.25719 0.242772 0.229996 0.218624 0.208471 0.199385 0.191245 0.183943 0.177391 0.171509 0.166228 0.161489 0.157238 0.153428 0.150018 0.146971 0.144255 0.141842 0.139707 0.137828 0.136187 0.134767 0.133555 0.132538 0.131707 0.131052 0.130569 0.13025 0.130093 
-49.3462 -48.0536 -45.4896 -42.0024 -37.4366 -31.1353 -22.996 -15.1041 -9.1745 -5.28728 -2.90713 -1.45951 -0.560059 -0.0105218 0.322579 0.519504 0.629068 0.68183 0.69748 0.689014 0.665174 0.631919 0.593368 0.552429 0.512443 0.474449 0.438804 0.40566 0.375049 0.346928 0.321204 0.297758 0.276452 0.257142 0.239658 0.224278 0.210952 0.199264 0.18893 0.179747 0.171556 0.164233 0.157675 0.151798 0.146526 0.141798 0.137558 0.133757 0.130352 0.127306 0.124586 0.122163 0.120011 0.118107 0.116433 0.11497 0.113705 0.112624 0.111718 0.110976 0.110393 0.109961 0.109677 0.109536 
-48.7801 -47.4699 -44.8599 -41.2825 -36.645 -30.3739 -22.2958 -14.4449 -8.60908 -4.82853 -2.54731 -1.18084 -0.344927 0.147855 0.435703 0.596943 0.678297 0.708728 0.706743 0.684443 0.649857 0.608379 0.563658 0.518157 0.47498 0.435092 0.398448 0.364958 0.33448 0.30684 0.281844 0.259294 0.238984 0.220738 0.204435 0.190619 0.178733 0.168374 0.15926 0.151188 0.144005 0.137594 0.131859 0.126724 0.122121 0.117996 0.114297 0.110984 0.108017 0.105365 0.102997 0.100888 0.0990164 0.097361 0.095905 0.0946334 0.0935333 0.0925937 0.0918052 0.0911603 0.0906525 0.0902767 0.0900291 0.0899064 
-48.2137 -46.8877 -44.2358 -40.5663 -35.8409 -29.5782 -21.5485 -13.7238 -7.99013 -4.3283 -2.15661 -0.879597 -0.1243 0.304042 0.541394 0.663269 0.714041 0.720816 0.700713 0.664726 0.620006 0.571238 0.521496 0.472774 0.427883 0.387445 0.351037 0.318326 0.288996 0.262741 0.239273 0.218319 0.199603 0.182913 0.16876 0.156862 0.146674 0.13783 0.130073 0.123218 0.117129 0.111701 0.106849 0.102507 0.0986173 0.0951318 0.0920088 0.0892118 0.0867089 0.0844719 0.0824759 0.0806989 0.0791217 0.0777275 0.0765013 0.0754305 0.0745041 0.0737127 0.0730484 0.0725047 0.0720764 0.0717593 0.0715501 0.0714465 
-47.6488 -46.3088 -43.6193 -39.8573 -35.0279 -28.7476 -20.7485 -12.9261 -7.30423 -3.77807 -1.73238 -0.554562 0.0982385 0.451701 0.632265 0.710977 0.729101 0.711549 0.673664 0.625033 0.571699 0.517447 0.464637 0.414754 0.370302 0.331137 0.296552 0.266018 0.239052 0.215219 0.194163 0.175557 0.159037 0.145095 0.133529 0.123786 0.115455 0.108238 0.101921 0.0963494 0.0914058 0.087002 0.0830687 0.0795497 0.0763986 0.073576 0.0710477 0.0687844 0.0667598 0.064951 0.0633377 0.061902 0.0606281 0.0595023 0.0585123 0.0576478 0.0568997 0.0562605 0.0557237 0.0552841 0.0549375 0.0546807 0.0545111 0.054427 
-47.0885 -45.7362 -43.0137 -39.1605 -34.2118 -27.8832 -19.8904 -12.0311 -6.53187 -3.16485 -1.26946 -0.221007 0.31584 0.581619 0.697673 0.729391 0.713767 0.672525 0.618642 0.55991 0.500932 0.444314 0.391484 0.34362 0.30237 0.266769 0.235911 0.209164 0.185903 0.16557 0.147822 0.132252 0.119374 0.108698 0.0997933 0.0922814 0.0858629 0.0803119 0.0754613 0.0711881 0.0674005 0.0640287 0.0610185 0.0583264 0.0559164 0.0537584 0.0518261 0.0500969 0.0485508 0.0471701 0.0459392 0.0448442 0.0438729 0.0430147 0.0422602 0.0416012 0.041031 0.0405435 0.0401339 0.0397982 0.0395332 0.0393365 0.0392063 0.0391417 
-46.5379 -45.1746 -42.4241 -38.4825 -33.4012 -26.9893 -18.9709 -11.0111 -5.64439 -2.47109 -0.75693 0.104488 0.504271 0.671538 0.718173 0.702063 0.654577 0.593231 0.52802 0.464357 0.404976 0.350943 0.30261 0.26106 0.226133 0.196691 0.17155 0.150194 0.131919 0.115954 0.10258 0.0916327 0.0825477 0.0749972 0.0686865 0.0633611 0.0588152 0.0548892 0.0514634 0.0484487 0.0457787 0.043403 0.0412829 0.0393873 0.0376909 0.0361723 0.0348131 0.0335973 0.0325107 0.0315409 0.0306766 0.0299082 0.0292268 0.0286248 0.0280957 0.0276336 0.0272335 0.0268914 0.0266037 0.0263676 0.0261808 0.0260416 0.0259492 0.0259031 
-46.005 -44.6314 -41.8578 -37.833 -32.6092 -26.0762 -17.9923 -9.82949 -4.59936 -1.68499 -0.224862 0.394274 0.630682 0.689777 0.666686 0.607791 0.536318 0.464044 0.397013 0.337451 0.28579 0.241173 0.203587 0.172293 0.146756 0.125878 0.108044 0.0931407 0.0808579 0.0709543 0.0626475 0.0558062 0.050146 0.0454457 0.0415187 0.0382077 0.0353849 0.0329503 0.0308284 0.0289626 0.0273109 0.0258417 0.0245308 0.023359 0.0223105 0.0213723 0.0205329 0.0197824 0.019112 0.018514 0.0179814 0.017508 0.0170884 0.0167179 0.0163922 0.0161077 0.0158614 0.0156506 0.0154731 0.0153271 0.0152111 0.0151241 0.0150654 0.0150355 
-45.5012 -44.1174 -41.326 -37.2255 -31.8559 -25.1656 -16.9717 -8.44518 -3.32467 -0.796871 0.238177 0.568982 0.62899 0.585822 0.508573 0.426564 0.351206 0.28626 0.23324 0.190453 0.156197 0.128862 0.106477 0.0880707 0.0734999 0.0618309 0.0528918 0.0455068 0.0393488 0.0343692 0.030252 0.0268631 0.0240682 0.0217535 0.0198239 0.0182 0.0168175 0.0156266 0.0145892 0.0136772 0.0128698 0.0121515 0.0115105 0.0109375 0.0104249 0.00996632 0.00955624 0.0091898 0.00886268 0.00857104 0.00831145 0.00808085 0.00787654 0.00769616 0.00753762 0.00739915 0.00727919 0.00717644 0.00708978 0.00701823 0.00696088 0.00691688 0.00688554 0.00686736 
-45.0422 -43.6477 -40.8438 -36.6783 -31.1702 -24.3001 -15.964 -6.85139 -1.71689 0.0168296 0.446325 0.477732 0.402663 0.312214 0.234405 0.175019 0.13097 0.0976374 0.0749178 0.0587929 0.0467633 0.0374825 0.0305342 0.0253425 0.0209821 0.017435 0.0147797 0.0126458 0.0108773 0.00944751 0.0082766 0.00731789 0.00653141 0.0058832 0.00534489 0.00489308 0.00450901 0.00417823 0.0038899 0.00363612 0.00341115 0.00321076 0.00303177 0.00287169 0.00272848 0.00260039 0.0024859 0.00238366 0.00229247 0.00221123 0.00213897 0.00207483 0.00201802 0.00196788 0.00192382 0.00188532 0.00185195 0.00182334 0.00179914 0.00177903 0.00176254 0.00174885 0.00173619 0.00172083 
