-65.2967 -63.0595 -60.0363 -56.3531 -52.3546 -48.3295 -44.4108 -40.6099 -36.8902 -33.2093 -29.5343 -25.8429 -22.1154 -18.3244 -14.4435 -10.4282 -6.26855 -2.18731 0.186113 0.750096 0.818247 0.720584 0.550819 0.389716 0.252143 0.159331 0.105326 0.0787483 0.0618009 0.0497117 0.0408149 0.0342221 0.02935 0.0258133 0.0233603 0.0218222 0.0210797 0.021043 0.0216259 0.0228185 0.0244037 0.0264121 0.0291556 0.0323312 0.0358344 0.0395591 0.0437646 0.0487887 0.0543746 0.060659 0.0678939 0.0758294 0.0845238 0.0945961 0.106523 0.120532 0.13648 0.153081 0.169155 0.181854 0.18665 0.17755 0.149086 0.103657 
-78.6599 -75.6321 -71.1805 -65.576 -59.4574 -53.4046 -47.7196 -42.4634 -37.5913 -33.0319 -28.7207 -24.6115 -20.6666 -16.8347 -13.0853 -9.35533 -5.68958 -2.33891 -0.109058 0.868544 1.16748 1.16377 1.03025 0.84984 0.654239 0.493341 0.369831 0.28218 0.221741 0.178845 0.147956 0.125559 0.109386 0.0979925 0.0904571 0.0861657 0.0846908 0.0857358 0.0889465 0.094483 0.101564 0.110119 0.121097 0.133717 0.148225 0.164853 0.182868 0.202195 0.224111 0.248685 0.276621 0.306803 0.338831 0.373254 0.410088 0.448744 0.488532 0.527354 0.56058 0.582682 0.58605 0.561928 0.503959 0.417195 
-87.8477 -84.6367 -79.4604 -72.6072 -64.9334 -57.2979 -50.196 -43.7636 -37.9691 -32.7219 -27.9264 -23.5108 -19.4219 -15.5799 -11.9689 -8.49412 -5.27412 -2.49491 -0.515167 0.64642 1.17935 1.31777 1.26135 1.11614 0.938435 0.775267 0.636278 0.516659 0.421263 0.349154 0.29552 0.256028 0.22746 0.207657 0.195163 0.188957 0.188289 0.192776 0.201294 0.214879 0.232107 0.252831 0.276081 0.30295 0.333793 0.368965 0.407203 0.448484 0.494206 0.544071 0.600431 0.661485 0.726649 0.792077 0.856219 0.918799 0.977814 1.02977 1.07025 1.09162 1.08379 1.03538 0.937264 0.789656 
-94.1108 -90.9956 -85.5181 -77.8768 -69.0632 -60.1889 -51.9503 -44.5679 -38.0363 -32.2535 -27.0929 -22.4581 -18.287 -14.4594 -11.0015 -7.75791 -4.94042 -2.65464 -1.02945 0.220594 0.98339 1.27661 1.32167 1.24235 1.11024 0.970808 0.837612 0.714594 0.609574 0.524204 0.457364 0.406658 0.369596 0.344364 0.329582 0.324165 0.327056 0.338532 0.356298 0.378619 0.406892 0.441139 0.480079 0.52391 0.572972 0.628817 0.689542 0.75498 0.82289 0.8938 0.967229 1.04455 1.12515 1.20856 1.29368 1.37878 1.46132 1.53759 1.60207 1.64569 1.65469 1.60997 1.48883 1.27527 
-98.3465 -95.4364 -89.8941 -81.7622 -72.0991 -62.2407 -53.0858 -44.9403 -37.8288 -31.6392 -26.2123 -21.4293 -17.2293 -13.4417 -10.1537 -7.21293 -4.74663 -2.81554 -1.40783 -0.253627 0.584397 1.08413 1.26147 1.27053 1.19787 1.09324 0.979433 0.868017 0.768453 0.684604 0.616157 0.562841 0.523686 0.498058 0.48522 0.484537 0.494861 0.512463 0.53781 0.570273 0.610131 0.658281 0.712905 0.77287 0.836323 0.903199 0.973988 1.04896 1.12839 1.21167 1.29825 1.38864 1.48277 1.5805 1.68116 1.78349 1.88566 1.98496 2.07708 2.15452 2.20405 2.20239 2.11037 1.8731 
-101.163 -98.4871 -93.0072 -84.5803 -74.2771 -63.6273 -53.7299 -44.9714 -37.4073 -30.915 -25.3 -20.4267 -16.2347 -12.5878 -9.4826 -6.8237 -4.64697 -2.95448 -1.67935 -0.668771 0.177703 0.78828 1.10749 1.21835 1.21624 1.15838 1.076 0.986567 0.901134 0.825556 0.763227 0.714968 0.680707 0.660188 0.653905 0.659316 0.674565 0.699264 0.73321 0.775039 0.824531 0.880334 0.941673 1.00795 1.07861 1.15307 1.23142 1.31387 1.40057 1.49115 1.5852 1.68275 1.7837 1.88781 1.99452 2.10286 2.21159 2.31908 2.4231 2.52013 2.60358 2.65839 2.64495 2.46193 
-102.987 -100.536 -95.1791 -86.5823 -75.789 -64.494 -53.9917 -44.7431 -36.8323 -30.1236 -24.3806 -19.5072 -15.3804 -11.8862 -8.97158 -6.54868 -4.59778 -3.07281 -1.88534 -0.952254 -0.156662 0.46605 0.901187 1.10967 1.18232 1.17853 1.13537 1.0749 1.01068 0.950805 0.900133 0.861112 0.835301 0.823789 0.823496 0.833859 0.854178 0.883861 0.92236 0.969294 1.02427 1.08553 1.1516 1.22237 1.29747 1.37643 1.45912 1.5455 1.63548 1.72866 1.8246 1.92293 2.02322 2.12479 2.22668 2.32749 2.4255 2.51858 2.60432 2.6801 2.74368 2.79339 2.82165 2.75711 
-104.113 -101.86 -96.6497 -87.9651 -76.7959 -64.9725 -53.9771 -44.3381 -36.1665 -29.3156 -23.5446 -18.694 -14.6611 -11.3155 -8.58594 -6.35129 -4.56014 -3.14925 -2.0386 -1.14284 -0.390383 0.213327 0.667807 0.965281 1.11186 1.16461 1.16466 1.13725 1.09844 1.05834 1.02322 0.997003 0.98188 0.97693 0.982263 0.997515 1.02223 1.05594 1.09818 1.14866 1.20722 1.27171 1.34074 1.41409 1.49141 1.57226 1.65634 1.74337 1.83299 1.92463 2.01759 2.11109 2.20414 2.2954 2.38303 2.46457 2.5367 2.59504 2.63364 2.64417 2.61464 2.52633 2.34782 2.03336 
-104.751 -102.663 -97.6001 -88.8801 -77.4219 -65.1652 -53.7689 -43.8225 -35.4901 -28.5649 -22.7977 -17.9944 -14.0591 -10.8697 -8.28615 -6.19211 -4.51546 -3.18577 -2.1294 -1.27428 -0.553644 0.0294921 0.482635 0.815364 1.01972 1.12708 1.17095 1.17803 1.16648 1.14811 1.13045 1.11783 1.11243 1.11516 1.1266 1.14684 1.17572 1.21295 1.2582 1.3112 1.37177 1.43805 1.5085 1.58276 1.66042 1.741 1.82402 1.90899 1.99526 2.082 2.16818 2.25252 2.33339 2.40866 2.47545 2.52988 2.56668 2.57853 2.55493 2.47994 2.32826 2.05458 1.55997 0.790222 
-105.049 -103.091 -98.1649 -89.4433 -77.766 -65.1585 -53.4373 -43.2927 -34.8484 -27.8856 -22.1454 -17.3957 -13.5766 -10.5106 -8.04092 -6.05072 -4.45712 -3.18736 -2.17276 -1.35017 -0.663402 -0.096603 0.349172 0.689456 0.929167 1.07823 1.16142 1.20198 1.21775 1.22126 1.22082 1.22158 1.22652 1.23739 1.25524 1.28055 1.31345 1.35385 1.40154 1.45626 1.51766 1.58458 1.65522 1.72902 1.80552 1.88411 1.96418 2.04499 2.12565 2.20502 2.28169 2.35388 2.41935 2.47513 2.51732 2.54067 2.53801 2.49945 2.41065 2.24934 1.98134 1.54331 0.869548 0.215233 
-105.112 -103.256 -98.4441 -89.7435 -77.9013 -65.0238 -53.063 -42.7774 -34.2598 -27.2864 -21.5825 -16.9021 -13.1857 -10.2148 -7.83187 -5.91805 -4.38517 -3.16048 -2.17904 -1.3834 -0.725062 -0.178018 0.256928 0.59736 0.854015 1.03121 1.14537 1.21483 1.25552 1.27962 1.29573 1.3096 1.32491 1.34398 1.36826 1.39857 1.43531 1.47855 1.52821 1.58404 1.64559 1.71196 1.78187 1.85415 1.92833 2.00364 2.07934 2.15451 2.22797 2.29829 2.36369 2.42193 2.47016 2.50468 2.52065 2.51163 2.46872 2.37986 2.22789 1.98348 1.61205 1.06016 0.393196 -0.046323 
-105.009 -103.233 -98.5192 -89.8493 -77.8939 -64.8184 -52.6825 -42.2965 -33.7347 -26.7653 -21.1041 -16.5007 -12.8642 -9.96614 -7.64882 -5.79122 -4.30285 -3.11223 -2.15729 -1.38393 -0.748259 -0.223693 0.199137 0.536363 0.799051 0.993502 1.12997 1.22237 1.28415 1.32645 1.3577 1.38389 1.40909 1.43604 1.46651 1.50159 1.54188 1.58762 1.63881 1.69524 1.75646 1.82166 1.88976 1.95974 2.03078 2.10188 2.17224 2.24077 2.30602 2.36626 2.4194 2.46276 2.49295 2.50557 2.49498 2.45367 2.37108 2.23271 2.01936 1.70143 1.24617 0.66806 0.131996 -0.179647 
-104.792 -103.081 -98.4512 -89.8191 -77.7921 -64.5755 -52.3139 -41.8592 -33.2732 -26.3171 -20.7025 -16.1724 -12.5977 -9.75488 -7.48682 -5.67064 -4.21478 -3.04971 -2.11566 -1.36017 -0.744882 -0.240799 0.16977 0.501395 0.765081 0.968712 1.11986 1.22913 1.30761 1.3651 1.40948 1.44666 1.48087 1.51507 1.55125 1.59069 1.63414 1.68199 1.73431 1.79092 1.85139 1.91499 1.98076 2.0477 2.11486 2.18115 2.24556 2.30685 2.36331 2.41294 2.45335 2.48148 2.49345 2.48416 2.44717 2.37387 2.25248 2.06713 1.79741 1.41894 0.935467 0.403226 -0.0174738 -0.248739 
-104.495 -102.839 -98.2845 -89.6968 -77.6309 -64.3171 -51.9675 -41.4677 -32.8715 -25.9344 -20.364 -15.9009 -12.3748 -9.57428 -7.3434 -5.55793 -4.12578 -2.97952 -2.06127 -1.32192 -0.723421 -0.235059 0.163792 0.488338 0.749955 0.957319 1.11715 1.23795 1.32886 1.39834 1.45355 1.50007 1.54211 1.58269 1.6239 1.66715 1.71331 1.76285 1.81589 1.8723 1.93168 1.99334 2.0564 2.11987 2.18272 2.24378 2.30187 2.35553 2.4029 2.44174 2.46931 2.48218 2.47597 2.44503 2.3821 2.27769 2.11917 1.89009 1.57452 1.16693 0.689924 0.238037 -0.0999745 -0.279477 
-104.144 -102.536 -98.051 -89.5136 -77.4337 -64.056 -51.6467 -41.1191 -32.5226 -25.6078 -20.0784 -15.6705 -12.1857 -9.42011 -7.21716 -5.45435 -4.0406 -2.90833 -2.00181 -1.27449 -0.688236 -0.212318 0.175931 0.492846 0.750527 0.958066 1.12217 1.25017 1.34973 1.42817 1.49185 1.54595 1.59447 1.6404 1.68585 1.73229 1.78064 1.83142 1.88481 1.94069 1.99868 2.05815 2.11824 2.17797 2.23625 2.29184 2.3434 2.38928 2.42747 2.45548 2.47028 2.46803 2.44393 2.39178 2.30362 2.16938 1.97598 1.71194 1.36948 0.95713 0.515077 0.134023 -0.142126 -0.285956 
-103.758 -102.191 -97.7728 -89.2912 -77.2167 -63.7999 -51.3516 -40.8088 -32.2186 -25.3274 -19.8352 -15.4724 -12.0231 -9.28668 -7.10645 -5.36146 -3.96164 -2.83958 -1.94132 -1.22217 -0.644491 -0.178062 0.201113 0.510585 0.763363 0.968867 1.13418 1.26604 1.37114 1.45584 1.5258 1.58572 1.63936 1.68956 1.73841 1.78736 1.83735 1.88893 1.94229 1.99734 2.05371 2.11078 2.16773 2.22356 2.27713 2.32714 2.37209 2.41018 2.43921 2.45649 2.4587 2.44159 2.39999 2.32725 2.21474 2.05293 1.83191 1.54371 1.18941 0.790167 0.39763 0.0724726 -0.157625 -0.275931 
-103.348 -101.82 -97.4655 -89.0439 -76.9895 -63.5522 -51.0799 -40.531 -31.9515 -25.0842 -19.6252 -15.3001 -11.8815 -9.17002 -7.00917 -5.27893 -3.88996 -2.77536 -1.88257 -1.16851 -0.596484 -0.136964 0.234858 0.537578 0.785125 0.987346 1.15184 1.28513 1.3933 1.48201 1.5563 1.62044 1.67789 1.73131 1.78271 1.83349 1.88458 1.93653 1.98952 2.04346 2.098 2.15253 2.20622 2.25806 2.30686 2.35125 2.38961 2.41996 2.43995 2.44667 2.43653 2.40491 2.34625 2.25376 2.11968 1.93527 1.69343 1.39166 1.03925 0.664248 0.319953 0.0402293 -0.154747 -0.254138 
-102.923 -101.432 -97.1392 -88.7815 -76.7585 -63.3142 -50.8289 -40.28 -31.7139 -24.87 -19.441 -15.1479 -11.7562 -9.06682 -6.92313 -5.20574 -3.82574 -2.71677 -1.82747 -1.11621 -0.547613 -0.0927948 0.27341 0.570377 0.812792 1.01117 1.17359 1.30662 1.416 1.50691 1.5839 1.65084 1.7109 1.76657 1.81972 1.87168 1.92335 1.97525 2.02754 2.08014 2.13267 2.18453 2.23489 2.2827 2.32673 2.36553 2.39735 2.42009 2.4312 2.42755 2.40528 2.35976 2.28528 2.17523 2.02253 1.82035 1.56483 1.25903 0.918618 0.57472 0.270936 0.0283612 -0.138974 -0.223799 
-102.489 -101.032 -96.8007 -88.5099 -76.5268 -63.0856 -50.595 -40.0505 -31.4994 -24.6781 -19.2763 -15.0113 -11.6437 -8.97426 -6.84629 -5.14061 -3.76855 -2.66421 -1.77721 -1.06725 -0.500439 -0.0485121 0.313689 0.606042 0.843817 1.03826 1.19791 1.32955 1.43879 1.53049 1.60884 1.67738 1.73902 1.79606 1.85023 1.90278 1.95455 2.00601 2.05732 2.10835 2.15873 2.20783 2.2548 2.29857 2.33786 2.37111 2.39648 2.41175 2.41423 2.4006 2.3669 2.30841 2.21957 2.09422 1.92637 1.71139 1.44898 1.14693 0.824856 0.513468 0.243955 0.0316452 -0.113645 -0.18699 
-102.049 -100.625 -96.4543 -88.2329 -76.2964 -62.8657 -50.3752 -39.838 -31.3025 -24.503 -19.1263 -14.8863 -11.5408 -8.88993 -6.77678 -5.08222 -3.7177 -2.61762 -1.73238 -1.02287 -0.456749 -0.00629947 0.353278 0.64212 0.876151 1.0668 1.22337 1.35292 1.46109 1.55253 1.6312 1.70038 1.76272 1.82036 1.8749 1.92751 1.97893 2.02961 2.07967 2.12894 2.17704 2.2233 2.26687 2.30662 2.34121 2.36903 2.38812 2.39618 2.39037 2.36731 2.32296 2.25266 2.15116 2.01303 1.83363 1.61079 1.34751 1.05511 0.754624 0.473676 0.233653 0.0463756 -0.0810245 -0.14514 
-101.605 -100.213 -96.1027 -87.9527 -76.0678 -62.653 -50.1665 -39.6383 -31.1189 -24.3403 -18.9869 -14.77 -11.4451 -8.81179 -6.71295 -5.02931 -3.67231 -2.57658 -1.69313 -0.983822 -0.417558 0.0324445 0.390562 0.676959 0.907835 1.09512 1.24865 1.3758 1.48231 1.57277 1.65097 1.71999 1.78231 1.83992 1.89428 1.94646 1.99716 2.04676 2.09533 2.14268 2.18839 2.23177 2.27193 2.3077 2.3377 2.36024 2.3733 2.37445 2.36082 2.32895 2.27486 2.19407 2.08177 1.9335 1.7462 1.52006 1.26089 0.982117 0.70415 0.450588 0.23605 0.0698122 -0.042786 -0.0993233 
-101.158 -99.7982 -95.7474 -87.6704 -75.8411 -62.4463 -49.9663 -39.4482 -30.9449 -24.1866 -18.8551 -14.6599 -11.3545 -8.73818 -6.6534 -4.98072 -3.63149 -2.54049 -1.65916 -0.950204 -0.383469 0.0667466 0.424296 0.709178 0.937519 1.12196 1.27268 1.39736 1.50189 1.59089 1.66804 1.7363 1.79804 1.85507 1.90879 1.96016 2.00981 2.05807 2.10495 2.15025 2.19349 2.23397 2.27074 2.30262 2.32816 2.34561 2.3529 2.34754 2.32659 2.28665 2.22383 2.13396 2.01286 1.85714 1.66538 1.43991 1.18862 0.925773 0.670142 0.440732 0.248274 0.0999515 -0.000186552 -0.0503827 
-100.71 -99.3806 -95.3895 -87.3867 -75.6162 -62.2442 -49.7724 -39.2652 -30.7779 -24.0391 -18.7285 -14.5539 -11.2675 -8.66775 -6.59697 -4.93545 -3.59441 -2.50867 -1.62998 -0.921691 -0.354675 0.0960758 0.453668 0.737767 0.96422 1.14637 1.29463 1.41694 1.51936 1.60659 1.68231 1.74938 1.81008 1.86613 1.91882 1.96905 2.01738 2.06408 2.10913 2.15226 2.19298 2.23055 2.26399 2.29208 2.31332 2.32592 2.32774 2.31628 2.28861 2.24139 2.17094 2.07349 1.94561 1.78504 1.59195 1.37044 1.1297 0.883843 0.64949 0.441495 0.268253 0.135332 0.0458236 0.00101463 
-100.26 -98.9611 -95.0292 -87.1018 -75.3924 -62.0456 -49.5832 -39.0871 -30.6156 -23.8957 -18.6054 -14.4507 -11.1828 -8.59946 -6.54274 -4.89267 -3.56029 -2.48043 -1.60503 -0.897983 -0.330999 0.120336 0.478307 0.762048 0.987314 1.16772 1.31388 1.434 1.53433 1.61966 1.69369 1.75927 1.8186 1.87334 1.92471 1.97354 2.02033 2.06529 2.10837 2.14927 2.18745 2.22213 2.25231 2.27672 2.29384 2.30183 2.29854 2.28145 2.24768 2.19403 2.11709 2.0136 1.88093 1.71797 1.52629 1.31132 1.08285 0.854187 0.63964 0.450788 0.294395 0.174839 0.0945003 0.0543244 
-99.8087 -98.5396 -94.6668 -86.8156 -75.1696 -61.8495 -49.3972 -38.9124 -30.4564 -23.7551 -18.4845 -14.3492 -11.0994 -8.53248 -6.48997 -4.85167 -3.52849 -2.45514 -1.58376 -0.878637 -0.312107 0.139658 0.498124 0.781833 1.00643 1.18557 1.33003 1.44821 1.54653 1.62991 1.70212 1.766 1.82374 1.87693 1.92675 1.97397 2.01905 2.06214 2.10317 2.14178 2.1774 2.20924 2.23624 2.25712 2.27032 2.27398 2.26595 2.24372 2.20452 2.14533 2.06309 1.95508 1.81952 1.65638 1.46841 1.26189 1.04666 0.83487 0.638576 0.466922 0.325425 0.217575 0.145228 0.10908 
-99.356 -98.1164 -94.3024 -86.528 -74.9471 -61.6551 -49.2134 -38.7399 -30.2992 -23.616 -18.3647 -14.2485 -11.0168 -8.46622 -6.43809 -4.81192 -3.49841 -2.43223 -1.56562 -0.863128 -0.297561 0.154343 0.513268 0.79715 1.02145 1.19972 1.34283 1.45932 1.55578 1.63726 1.70759 1.76966 1.82565 1.87712 1.92522 1.97068 2.01391 2.05504 2.09394 2.13024 2.16332 2.19237 2.2163 2.2338 2.2433 2.24293 2.23054 2.20371 2.15977 2.09594 2.00958 1.89855 1.76188 1.6005 1.41806 1.22132 1.01977 0.8242 0.644673 0.488529 0.360296 0.26279 0.197472 0.164859 
-98.9018 -97.6914 -93.9359 -86.2389 -74.7246 -61.4618 -49.031 -38.5686 -30.143 -23.4776 -18.2453 -14.1482 -10.9343 -8.40022 -6.38666 -4.77294 -3.4696 -2.41121 -1.55007 -0.850902 -0.286852 0.164809 0.524038 0.808179 1.03242 1.21012 1.35218 1.46724 1.56201 1.64168 1.71014 1.77034 1.82448 1.87412 1.92039 1.96398 2.00527 2.04437 2.0811 2.11507 2.14565 2.17197 2.19294 2.20724 2.21326 2.20917 2.19284 2.16195 2.11398 2.04645 1.95712 1.84447 1.70829 1.55032 1.37483 1.18873 1.00088 0.820724 0.656594 0.514486 0.398136 0.309836 0.250754 0.221271 
-98.446 -97.2645 -93.5672 -85.9482 -74.5019 -61.2691 -48.8492 -38.3979 -29.9871 -23.3394 -18.126 -14.0476 -10.8518 -8.33416 -6.33535 -4.7344 -3.44165 -2.39162 -1.53659 -0.841404 -0.279442 0.171536 0.530826 0.815203 1.0395 1.21687 1.35813 1.47197 1.56523 1.64318 1.70982 1.76816 1.8204 1.86815 1.9125 1.95415 1.99344 2.03046 2.06501 2.09667 2.12477 2.14846 2.1666 2.17787 2.18067 2.17317 2.15334 2.11894 2.06767 1.99733 1.90615 1.7932 1.65891 1.50569 1.33818 1.16318 0.988796 0.823188 0.673217 0.543851 0.438199 0.358148 0.304634 0.277943 
-97.9887 -96.8356 -93.1963 -85.6556 -74.2786 -61.0767 -48.6678 -38.2273 -29.8312 -23.201 -18.0063 -13.9467 -10.7688 -8.2678 -6.28392 -4.696 -3.41423 -2.37304 -1.5247 -0.834107 -0.274794 0.175033 0.534075 0.818576 1.04298 1.22014 1.36078 1.4736 1.56552 1.64187 1.70676 1.76325 1.8136 1.85943 1.90182 1.94148 1.97874 2.01365 2.04602 2.07539 2.10109 2.12222 2.13767 2.1461 2.14592 2.13537 2.11247 2.07512 2.02126 1.94901 1.85704 1.74494 1.61376 1.46634 1.30752 1.14378 0.982446 0.830504 0.693592 0.575816 0.479836 0.407213 0.358703 0.334516 
-97.5296 -96.4047 -92.823 -85.3609 -74.0545 -60.8842 -48.4862 -38.0564 -29.6749 -23.0621 -17.8861 -13.8453 -10.6853 -8.20099 -6.23218 -4.65753 -3.38706 -2.35514 -1.51398 -0.828522 -0.272395 0.175805 0.534252 0.818695 1.04315 1.22017 1.36032 1.47229 1.563 1.63788 1.70111 1.7558 1.80428 1.84817 1.88859 1.92624 1.96145 1.99427 2.02446 2.05158 2.07493 2.09362 2.10652 2.11231 2.10942 2.09615 2.07062 2.0309 1.97515 1.90183 1.81003 1.69985 1.57276 1.43195 1.28224 1.1297 0.980869 0.841715 0.716909 0.609671 0.52247 0.456569 0.412576 0.390648 
-97.0688 -95.9717 -92.4472 -85.0642 -73.8294 -60.6914 -48.3044 -37.8852 -29.518 -22.9225 -17.7652 -13.7431 -10.6012 -8.13362 -6.18001 -4.61881 -3.35992 -2.33761 -1.50406 -0.82421 -0.271767 0.174339 0.53182 0.815973 1.04038 1.21726 1.357 1.46822 1.55785 1.63137 1.69303 1.74599 1.79263 1.83461 1.87307 1.90871 1.94188 1.9726 2.00065 2.02557 2.04665 2.06301 2.07351 2.07685 2.07153 2.05589 2.02818 1.98664 1.92968 1.85608 1.76534 1.65795 1.53577 1.40212 1.26172 1.12017 0.983221 0.85599 0.742365 0.644804 0.565603 0.505798 0.465893 0.446007 
-96.6062 -95.5366 -92.0689 -84.7651 -73.6033 -60.4982 -48.1221 -37.7133 -29.3605 -22.7822 -17.6435 -13.6402 -10.5163 -8.06561 -6.12732 -4.57972 -3.33262 -2.32019 -1.4946 -0.820783 -0.272479 0.171089 0.527228 0.810821 1.03503 1.21172 1.35108 1.46163 1.55028 1.62255 1.68272 1.73403 1.77887 1.81898 1.8555 1.88916 1.9203 1.94895 1.9749 1.99767 2.01657 2.0307 2.03897 2.04008 2.03259 2.01494 1.98548 1.94266 1.88513 1.81199 1.72308 1.61925 1.50258 1.37647 1.2454 1.11448 0.988751 0.872598 0.769261 0.680679 0.608771 0.554504 0.518308 0.500273 
-96.1418 -95.0993 -91.688 -84.4638 -73.3759 -60.3045 -47.9393 -37.5407 -29.2021 -22.6411 -17.521 -13.5365 -10.4308 -7.99694 -6.07402 -4.54014 -3.305 -2.30268 -1.48534 -0.817906 -0.274147 0.166468 0.520894 0.803641 1.02746 1.20388 1.34285 1.45277 1.54053 1.61163 1.6704 1.72012 1.76324 1.80152 1.83614 1.86784 1.89698 1.9236 1.9475 1.96818 1.98499 1.99702 2.00321 2.00231 1.99293 1.9736 1.94283 1.89925 1.84175 1.76973 1.68333 1.58365 1.47296 1.35458 1.23273 1.11199 0.996794 0.890887 0.797013 0.716818 0.651528 0.602312 0.569494 0.553143 
-95.6755 -94.6597 -91.3045 -84.1599 -73.1473 -60.1102 -47.7558 -37.3673 -29.0429 -22.4991 -17.3977 -13.432 -10.3444 -7.92756 -6.02009 -4.5 -3.27694 -2.2849 -1.47605 -0.815295 -0.276437 0.160847 0.513205 0.79481 1.01803 1.19405 1.3326 1.44192 1.52883 1.59884 1.65628 1.70449 1.74595 1.78245 1.81522 1.845 1.87219 1.89683 1.91872 1.9374 1.95221 1.96227 1.96655 1.96384 1.95284 1.93218 1.90052 1.85666 1.79975 1.72942 1.64609 1.55106 1.44663 1.33604 1.22318 1.11214 1.00678 0.910327 0.825118 0.752611 0.693509 0.648904 0.619159 0.60434 
-95.2073 -94.2179 -90.9183 -83.8536 -72.9173 -59.9153 -47.5717 -37.1932 -28.8828 -22.3562 -17.2736 -13.3268 -10.2574 -7.85748 -5.96548 -4.45924 -3.24834 -2.26673 -1.46655 -0.812712 -0.279062 0.15455 0.504506 0.784678 1.00708 1.18257 1.32063 1.42933 1.51543 1.58441 1.6406 1.68737 1.72724 1.76202 1.79298 1.8209 1.84618 1.8689 1.88885 1.90561 1.91851 1.92673 1.92927 1.92497 1.91262 1.89096 1.85879 1.81511 1.75927 1.69115 1.61135 1.5213 1.42332 1.32046 1.21628 1.11442 1.01823 0.930469 0.853154 0.787561 0.734368 0.693951 0.667026 0.653602 
-94.7373 -93.7739 -90.5293 -83.5447 -72.6859 -59.7198 -47.3869 -37.0182 -28.7218 -22.2125 -17.1486 -13.2207 -10.1696 -7.78669 -5.9102 -4.41784 -3.21914 -2.24805 -1.45668 -0.80996 -0.281782 0.147857 0.495106 0.773563 0.994925 1.16973 1.3072 1.41527 1.50058 1.56857 1.62357 1.66897 1.70731 1.74045 1.76967 1.79578 1.81921 1.84006 1.85815 1.87306 1.88417 1.89068 1.89164 1.88597 1.87252 1.85017 1.81786 1.77477 1.72044 1.65494 1.57902 1.4942 1.40272 1.30745 1.2116 1.11837 1.0307 0.950933 0.880815 0.821455 0.773476 0.737207 0.712856 0.700694 
-94.2653 -93.3275 -90.1375 -83.2331 -72.4531 -59.5236 -47.2013 -36.8423 -28.56 -22.0679 -17.0228 -13.114 -10.0811 -7.7152 -5.85422 -4.37575 -3.1893 -2.2288 -1.44632 -0.806884 -0.284397 0.141006 0.48527 0.761748 0.981849 1.15581 1.29261 1.4 1.48452 1.55155 1.60542 1.64952 1.6864 1.71795 1.74549 1.76986 1.79151 1.81055 1.82685 1.84001 1.84944 1.85438 1.85393 1.84708 1.83279 1.81004 1.77793 1.73578 1.68333 1.62079 1.54902 1.46955 1.38453 1.29663 1.2087 1.12357 1.04379 0.971375 0.907828 0.854116 0.810795 0.778148 0.756316 0.745416 
-93.7915 -92.8789 -89.7429 -82.9187 -72.2188 -59.3267 -47.015 -36.6656 -28.3973 -21.9224 -16.8962 -13.0064 -9.99185 -7.64303 -5.79756 -4.33298 -3.15877 -2.2089 -1.4354 -0.803363 -0.286749 0.134192 0.475225 0.749481 0.968111 1.14106 1.27708 1.38374 1.46747 1.53358 1.58636 1.6292 1.66469 1.69473 1.72066 1.74336 1.76329 1.78061 1.7952 1.8067 1.81456 1.81806 1.81636 1.80854 1.79365 1.77077 1.73915 1.69826 1.64798 1.58865 1.52119 1.44712 1.36846 1.28762 1.20719 1.12963 1.05714 0.991475 0.933925 0.885338 0.846208 0.816783 0.797166 0.787388 
-93.3158 -92.428 -89.3454 -82.6016 -71.9829 -59.1291 -46.828 -36.4881 -28.2336 -21.7762 -16.7688 -12.8982 -9.90194 -7.57017 -5.74022 -4.28952 -3.12755 -2.18831 -1.42384 -0.799309 -0.288713 0.127577 0.465162 0.736974 0.953936 1.12572 1.26086 1.36673 1.44964 1.51484 1.56658 1.60823 1.64239 1.67099 1.69538 1.71648 1.73477 1.75044 1.76341 1.77335 1.77975 1.78194 1.77916 1.77056 1.75527 1.73251 1.70164 1.66228 1.61441 1.55847 1.4954 1.42668 1.35418 1.2801 1.20671 1.13619 1.07042 1.01094 0.958852 0.914912 0.879554 0.852998 0.835323 0.826523 
-92.8382 -91.9747 -88.945 -82.2816 -71.7454 -58.9308 -46.6403 -36.3097 -28.0691 -21.629 -16.6407 -12.7892 -9.81135 -7.49667 -5.68222 -4.24538 -3.09564 -2.16702 -1.41162 -0.794653 -0.290191 0.121289 0.455239 0.724406 0.939523 1.11 1.24414 1.34916 1.43124 1.49554 1.54626 1.58678 1.61968 1.6469 1.66983 1.6894 1.70613 1.72025 1.73168 1.74016 1.74521 1.74624 1.74253 1.73332 1.71784 1.69541 1.66551 1.62788 1.58259 1.53013 1.47147 1.40799 1.34142 1.27374 1.20694 1.14292 1.08333 1.0295 0.982392 0.942662 0.910701 0.886709 0.870751 0.86281 
-92.3587 -91.5191 -88.5417 -81.9587 -71.5063 -58.7318 -46.4518 -36.1304 -27.9038 -21.4811 -16.5118 -12.6795 -9.72011 -7.42252 -5.62357 -4.20057 -3.06303 -2.14503 -1.39872 -0.789352 -0.291111 0.115429 0.445585 0.711921 0.925043 1.09407 1.22711 1.33122 1.41243 1.47584 1.52558 1.56501 1.59671 1.62263 1.64418 1.6623 1.67755 1.69019 1.70019 1.70731 1.71114 1.71112 1.70663 1.69697 1.68147 1.65956 1.63081 1.59506 1.55246 1.50354 1.44923 1.39082 1.32991 1.26823 1.20756 1.14955 1.09564 1.04696 1.00437 0.968457 0.939562 0.91787 0.903443 0.896265 
-91.8774 -91.0612 -88.1354 -81.6329 -71.2655 -58.5321 -46.2626 -35.9503 -27.7375 -21.3323 -16.3822 -12.5692 -9.62824 -7.34775 -5.5643 -4.15511 -3.02973 -2.12233 -1.38512 -0.783379 -0.291425 0.110069 0.436295 0.69966 0.910632 1.07809 1.20993 1.31306 1.39338 1.45589 1.50469 1.54307 1.57363 1.59832 1.61856 1.63532 1.64918 1.66044 1.66909 1.67496 1.67768 1.67675 1.67161 1.66165 1.64629 1.62505 1.59759 1.56383 1.52398 1.47857 1.4285 1.37496 1.31938 1.26332 1.20833 1.15585 1.10712 1.06314 1.02467 0.992208 0.966084 0.946465 0.933415 0.92692 
-91.3942 -90.601 -87.7261 -81.3039 -71.023 -58.3318 -46.0727 -35.7694 -27.5704 -21.1827 -16.2518 -12.4581 -9.53575 -7.27239 -5.50442 -4.10902 -2.99578 -2.09894 -1.37082 -0.776723 -0.291108 0.105257 0.427446 0.687723 0.896406 1.06217 1.19273 1.29482 1.37422 1.43584 1.48371 1.5211 1.55058 1.57411 1.59311 1.60859 1.62116 1.63112 1.63854 1.64326 1.64497 1.64325 1.63759 1.62746 1.61237 1.59192 1.56585 1.53415 1.49704 1.45508 1.40909 1.36018 1.30962 1.25879 1.20903 1.16162 1.11762 1.07793 1.04319 1.01386 0.990248 0.972505 0.960696 0.954819 
-90.9091 -90.1385 -87.3138 -80.9719 -70.7788 -58.1307 -45.8821 -35.5876 -27.4024 -21.0323 -16.1206 -12.3465 -9.44265 -7.19644 -5.44396 -4.06232 -2.96119 -2.07488 -1.35583 -0.76939 -0.290148 0.101025 0.419092 0.676182 0.882458 1.04642 1.17562 1.27661 1.35507 1.41579 1.46276 1.4992 1.52766 1.55009 1.56795 1.58223 1.59359 1.60235 1.60863 1.6123 1.61313 1.61072 1.60466 1.59448 1.57977 1.5602 1.53559 1.50595 1.47156 1.43294 1.39086 1.3463 1.30042 1.25442 1.20948 1.1667 1.12703 1.09122 1.05988 1.0334 1.01206 0.996018 0.985335 0.980016 
-90.4222 -89.6736 -86.8984 -80.6366 -70.5327 -57.929 -45.6907 -35.405 -27.2336 -20.881 -15.9888 -12.2341 -9.34897 -7.11994 -5.38294 -4.01505 -2.92599 -2.05018 -1.34017 -0.761388 -0.288542 0.0973926 0.41127 0.665087 0.86886 1.03094 1.15869 1.25854 1.33603 1.39586 1.44194 1.47746 1.50496 1.52637 1.54315 1.55633 1.56656 1.57423 1.57946 1.5822 1.58223 1.57926 1.5729 1.56277 1.54852 1.5299 1.50677 1.47919 1.44744 1.41202 1.37363 1.33316 1.29162 1.25007 1.20954 1.17099 1.13525 1.10298 1.07472 1.05082 1.03155 1.01705 1.00739 1.00258 
-89.9335 -89.2064 -86.4799 -80.2981 -70.2847 -57.7266 -45.4986 -35.2215 -27.0638 -20.729 -15.8562 -12.1212 -9.25472 -7.0429 -5.32138 -3.96722 -2.89021 -2.02487 -1.32386 -0.752737 -0.286297 0.0943668 0.404001 0.654474 0.855663 1.01577 1.14202 1.24068 1.31717 1.3761 1.42133 1.45598 1.48256 1.50302 1.51881 1.53096 1.54016 1.54682 1.55111 1.55301 1.55236 1.5489 1.54234 1.53234 1.51863 1.50099 1.47934 1.45379 1.42458 1.39219 1.35726 1.32058 1.28305 1.24558 1.20909 1.1744 1.14223 1.11318 1.08771 1.06616 1.04877 1.03568 1.02695 1.02259 
-89.4431 -88.7369 -86.0584 -79.9565 -70.0345 -57.5234 -45.3058 -35.0371 -26.8932 -20.5761 -15.7229 -12.0076 -9.15992 -6.96535 -5.25932 -3.91887 -2.85387 -1.99896 -1.30694 -0.743465 -0.283428 0.091945 0.397293 0.644366 0.842904 1.00098 1.12566 1.22309 1.29856 1.3566 1.40098 1.4348 1.46053 1.4801 1.49496 1.50617 1.51444 1.52018 1.52362 1.52478 1.52353 1.5197 1.51301 1.50321 1.49007 1.47344 1.45326 1.42965 1.40286 1.37333 1.34162 1.30846 1.2746 1.24087 1.20805 1.17686 1.14794 1.1218 1.09888 1.07946 1.06378 1.05196 1.04408 1.04015 
-88.9508 -88.2651 -85.6338 -79.6118 -69.7818 -57.3196 -45.1123 -34.8519 -26.7218 -20.4225 -15.5889 -11.8934 -9.06458 -6.88729 -5.19677 -3.87002 -2.81701 -1.97251 -1.28943 -0.733607 -0.27995 0.0901159 0.391146 0.634773 0.830605 0.986593 1.10966 1.20582 1.28026 1.3374 1.38096 1.41398 1.4389 1.45765 1.47167 1.48201 1.48942 1.49435 1.49703 1.49753 1.49579 1.49165 1.48491 1.47536 1.46283 1.4472 1.42845 1.4067 1.38219 1.35532 1.32661 1.29667 1.26618 1.23585 1.20637 1.17835 1.15237 1.12889 1.10826 1.09079 1.07666 1.066 1.05889 1.05534 
-88.4567 -87.7909 -85.2064 -79.2641 -69.5262 -57.1151 -44.9182 -34.6659 -26.5494 -20.268 -15.4543 -11.7786 -8.96871 -6.80876 -5.13375 -3.8207 -2.77966 -1.94553 -1.27137 -0.723155 -0.275896 0.088855 0.385547 0.625693 0.818779 0.972631 1.09404 1.1889 1.26229 1.31855 1.3613 1.39355 1.41772 1.4357 1.44894 1.45851 1.46515 1.46934 1.47135 1.47128 1.46912 1.46475 1.45802 1.44876 1.43685 1.4222 1.40483 1.38484 1.36247 1.33807 1.3121 1.28512 1.2577 1.23046 1.204 1.17887 1.15555 1.13446 1.11593 1.10021 1.08749 1.07789 1.07147 1.06828 
-87.9608 -87.3144 -84.7761 -78.9133 -69.2675 -56.91 -44.7233 -34.479 -26.3762 -20.1127 -15.3189 -11.6633 -8.87232 -6.72976 -5.0703 -3.77094 -2.74184 -1.91806 -1.2528 -0.712143 -0.271291 0.088142 0.380482 0.617123 0.807427 0.959105 1.07883 1.17236 1.24469 1.30005 1.34202 1.37354 1.397 1.41427 1.4268 1.43566 1.44161 1.44515 1.44658 1.44603 1.44351 1.43898 1.4323 1.42337 1.41209 1.39839 1.38232 1.36398 1.34359 1.32147 1.29803 1.27373 1.2491 1.22466 1.20093 1.1784 1.15749 1.13857 1.12193 1.10781 1.09637 1.08773 1.08195 1.07907 
-87.4631 -86.8355 -84.343 -78.5597 -69.0053 -56.7042 -44.5278 -34.2913 -26.202 -19.9566 -15.1828 -11.5473 -8.77544 -6.65031 -5.00642 -3.72075 -2.70358 -1.89013 -1.23373 -0.700625 -0.26616 0.0879571 0.375936 0.609053 0.796543 0.946018 1.06402 1.15622 1.22747 1.28194 1.32314 1.35396 1.37675 1.39337 1.40525 1.41348 1.41881 1.42178 1.4227 1.42173 1.41894 1.41429 1.40772 1.39913 1.38846 1.37569 1.36084 1.34404 1.32549 1.30545 1.2843 1.26245 1.24033 1.21842 1.19717 1.17698 1.15825 1.14128 1.12636 1.11368 1.1034 1.09563 1.09044 1.08784 
-86.9637 -86.3542 -83.9072 -78.203 -68.7396 -56.4979 -44.3315 -34.1027 -26.027 -19.7997 -15.046 -11.4307 -8.67806 -6.57043 -4.94213 -3.67016 -2.66492 -1.86176 -1.2142 -0.688629 -0.260537 0.088273 0.371888 0.601465 0.786121 0.933367 1.04963 1.14046 1.21063 1.26423 1.30467 1.33482 1.35698 1.373 1.38429 1.39195 1.39674 1.3992 1.39968 1.39838 1.39537 1.39066 1.38421 1.37598 1.36591 1.35401 1.34031 1.32494 1.30806 1.28993 1.27086 1.25121 1.23137 1.21174 1.19271 1.17464 1.15786 1.14266 1.12928 1.11791 1.10868 1.1017 1.09704 1.09471 
-86.4625 -85.8706 -83.4685 -77.8432 -68.4701 -56.2909 -44.1346 -33.9132 -25.8511 -19.642 -14.9084 -11.3136 -8.58019 -6.49013 -4.87746 -3.6192 -2.62586 -1.83298 -1.19425 -0.676185 -0.254457 0.0890627 0.368315 0.594344 0.77615 0.921147 1.03565 1.12511 1.19419 1.2469 1.28661 1.31611 1.33768 1.35314 1.36391 1.37105 1.37536 1.37739 1.3775 1.37591 1.37273 1.368 1.36171 1.35383 1.34435 1.33327 1.32064 1.30658 1.29123 1.27483 1.25765 1.23999 1.2222 1.20461 1.18757 1.1714 1.15639 1.14278 1.1308 1.1206 1.11232 1.10606 1.10187 1.09978 
-85.9597 -85.3847 -83.027 -77.4804 -68.1966 -56.0833 -43.937 -33.7229 -25.6743 -19.4834 -14.7702 -11.1958 -8.48184 -6.40941 -4.81241 -3.56787 -2.58644 -1.80382 -1.17388 -0.663317 -0.247959 0.0903039 0.365196 0.587669 0.766614 0.909345 1.02207 1.11014 1.17813 1.22996 1.26895 1.29782 1.31884 1.33379 1.34407 1.35076 1.35465 1.35631 1.35611 1.35429 1.35099 1.34628 1.34016 1.33264 1.32371 1.3134 1.30176 1.28889 1.27494 1.2601 1.24461 1.22874 1.21279 1.19704 1.18179 1.16732 1.15389 1.14171 1.13098 1.12185 1.11443 1.10882 1.10506 1.10318 
-85.4551 -84.8964 -82.5827 -77.1145 -67.9191 -55.8752 -43.7387 -33.5317 -25.4966 -19.324 -14.6313 -11.0775 -8.38301 -6.3283 -4.747 -3.5162 -2.54667 -1.77431 -1.15315 -0.650057 -0.24103 0.0919646 0.362501 0.581416 0.757493 0.897948 1.00889 1.09556 1.16245 1.21341 1.25168 1.27996 1.30045 1.31492 1.32477 1.33106 1.33458 1.33592 1.33546 1.33346 1.33008 1.32541 1.31947 1.3123 1.3039 1.29431 1.28357 1.2718 1.25911 1.24568 1.23171 1.21745 1.20313 1.18903 1.17538 1.16244 1.15043 1.13953 1.12993 1.12175 1.11511 1.11008 1.10671 1.10503 
-84.9488 -84.4057 -82.1356 -76.7454 -67.6373 -55.6665 -43.5397 -33.3397 -25.3179 -19.1637 -14.4916 -10.9586 -8.28372 -6.24679 -4.68125 -3.4642 -2.50658 -1.74446 -1.13206 -0.636425 -0.233704 0.0940241 0.360207 0.575565 0.748769 0.886938 0.996081 1.08134 1.14714 1.19723 1.2348 1.26249 1.28249 1.29652 1.30597 1.31191 1.31511 1.31617 1.3155 1.31336 1.30994 1.30533 1.29959 1.29275 1.28485 1.27592 1.26602 1.25523 1.24368 1.23152 1.21892 1.20609 1.19324 1.1806 1.16839 1.15681 1.14606 1.13632 1.12773 1.12041 1.11446 1.10996 1.10694 1.10543 
-84.4409 -83.9128 -81.6855 -76.3732 -67.3511 -55.4573 -43.3399 -33.1467 -25.1382 -19.0025 -14.3513 -10.8392 -8.18396 -6.1649 -4.61517 -3.4119 -2.46618 -1.71429 -1.11065 -0.622445 -0.226011 0.0964588 0.358292 0.570094 0.740423 0.876301 0.983638 1.06749 1.13218 1.18141 1.21828 1.24542 1.26494 1.27856 1.28765 1.29327 1.2962 1.29703 1.29618 1.29394 1.2905 1.28597 1.28043 1.27392 1.26648 1.25816 1.24902 1.23913 1.2286 1.21757 1.2062 1.19464 1.18311 1.17177 1.16083 1.15047 1.14085 1.13214 1.12445 1.1179 1.11258 1.10855 1.10585 1.1045 
-83.9314 -83.4174 -81.2325 -75.9977 -67.0606 -55.2472 -43.1395 -32.9528 -24.9576 -18.8405 -14.2101 -10.7191 -8.08374 -6.08264 -4.54876 -3.3593 -2.4255 -1.68383 -1.08892 -0.608137 -0.217976 0.0992439 0.356736 0.564984 0.732437 0.866019 0.971545 1.05398 1.11756 1.16593 1.20212 1.22871 1.24777 1.26102 1.26978 1.27511 1.2778 1.27844 1.27746 1.27515 1.27171 1.26727 1.26192 1.25573 1.24872 1.24096 1.23251 1.22343 1.21382 1.20381 1.19352 1.18311 1.17273 1.16256 1.15275 1.14347 1.13486 1.12706 1.12019 1.11433 1.10956 1.10596 1.10354 1.10233 
-83.4202 -82.9197 -80.7766 -75.6189 -66.7663 -55.0354 -42.9383 -32.758 -24.7761 -18.6776 -14.0683 -10.5985 -7.98306 -6.00001 -4.48205 -3.30642 -2.38454 -1.65309 -1.0669 -0.593522 -0.209621 0.102353 0.355517 0.560217 0.724793 0.856076 0.959786 1.0408 1.10328 1.15078 1.1863 1.21235 1.23098 1.24386 1.25233 1.25741 1.25989 1.26037 1.25927 1.25691 1.25349 1.24916 1.24401 1.2381 1.23151 1.22426 1.21643 1.20808 1.1993 1.19019 1.18086 1.17146 1.16212 1.15298 1.14418 1.13586 1.12815 1.12116 1.11501 1.10976 1.1055 1.10227 1.1001 1.09902 
-82.9074 -82.4196 -80.3176 -75.2367 -66.4684 -54.8214 -42.7366 -32.5624 -24.5936 -18.5138 -13.9257 -10.4772 -7.88193 -5.91701 -4.41503 -3.25326 -2.34331 -1.62209 -1.0446 -0.578616 -0.200965 0.105757 0.35462 0.555778 0.717474 0.846457 0.948347 1.02793 1.0893 1.13595 1.1708 1.19632 1.21453 1.22708 1.23526 1.24011 1.24242 1.24276 1.24158 1.23919 1.2358 1.23158 1.22661 1.22099 1.21476 1.20799 1.20072 1.19302 1.18497 1.17667 1.16821 1.1597 1.15128 1.14305 1.13514 1.12767 1.12076 1.1145 1.10899 1.10429 1.10047 1.09758 1.09564 1.09467 
-82.3931 -81.9172 -79.8555 -74.8511 -66.1672 -54.6048 -42.5342 -32.3659 -24.4101 -18.3492 -13.7824 -10.3555 -7.78035 -5.83367 -4.34772 -3.19985 -2.30184 -1.59083 -1.02205 -0.563439 -0.192026 0.109459 0.354025 0.551645 0.71046 0.837146 0.937211 1.01537 1.07563 1.12141 1.1556 1.1806 1.1984 1.21063 1.21856 1.2232 1.22534 1.22557 1.22433 1.22192 1.21858 1.21447 1.20969 1.20432 1.19844 1.19209 1.18532 1.17821 1.17082 1.16324 1.15554 1.14783 1.14021 1.13279 1.12567 1.11896 1.11275 1.10713 1.10219 1.09797 1.09455 1.09196 1.09022 1.08935 
-81.8772 -81.4124 -79.3904 -74.4621 -65.8626 -54.3853 -42.3313 -32.1686 -24.2257 -18.1836 -13.6384 -10.2331 -7.67833 -5.74998 -4.28012 -3.14618 -2.26013 -1.55934 -0.999248 -0.54801 -0.182819 0.113455 0.353716 0.5478 0.703741 0.828123 0.926364 1.00309 1.06224 1.10716 1.14068 1.16517 1.18258 1.19449 1.20218 1.20664 1.20864 1.20877 1.20747 1.20507 1.20178 1.19777 1.19317 1.18804 1.18247 1.17651 1.1702 1.16361 1.15681 1.14986 1.14283 1.13583 1.12892 1.12221 1.11579 1.10975 1.10416 1.09911 1.09467 1.09089 1.08782 1.08549 1.08393 1.08315 
-81.3597 -80.9052 -78.9221 -74.0695 -65.5547 -54.1626 -42.1279 -31.9704 -24.0402 -18.0172 -13.4936 -10.1101 -7.57586 -5.66593 -4.21224 -3.09226 -2.2182 -1.52762 -0.976219 -0.532337 -0.173354 0.117722 0.353679 0.544229 0.697299 0.819377 0.915789 0.99108 1.04911 1.09318 1.12604 1.15002 1.16704 1.17865 1.18611 1.19039 1.19226 1.19232 1.19098 1.18858 1.18534 1.18144 1.177 1.1721 1.16682 1.1612 1.1553 1.14918 1.1429 1.13651 1.13008 1.12369 1.11742 1.11134 1.10553 1.10008 1.09504 1.09049 1.0865 1.0831 1.08033 1.07824 1.07684 1.07614 
-80.8408 -80.3956 -78.4506 -73.6734 -65.2436 -53.9363 -41.924 -31.7713 -23.8538 -17.8498 -13.3481 -9.98656 -7.47294 -5.58155 -4.14408 -3.03811 -2.17604 -1.49569 -0.952968 -0.516431 -0.163646 0.122242 0.353898 0.540919 0.691121 0.810893 0.905475 0.979328 1.03625 1.07945 1.11165 1.13513 1.15176 1.16308 1.17031 1.17443 1.17619 1.17617 1.1748 1.17241 1.16923 1.16543 1.16114 1.15645 1.15142 1.14612 1.14059 1.13489 1.12906 1.12317 1.11727 1.11143 1.10571 1.10018 1.09491 1.08997 1.08542 1.08132 1.07771 1.07465 1.07216 1.07028 1.06902 1.06839 
-80.3204 -79.8837 -77.9759 -73.2736 -64.929 -53.7064 -41.7198 -31.5713 -23.6663 -17.6815 -13.2017 -9.86241 -7.36956 -5.49681 -4.07564 -2.98372 -2.13366 -1.46353 -0.9295 -0.500301 -0.153708 0.126999 0.354357 0.537857 0.685194 0.80266 0.895409 0.967822 1.02362 1.06596 1.0975 1.12047 1.13673 1.14776 1.15478 1.15874 1.16039 1.1603 1.15891 1.15653 1.1534 1.1497 1.14555 1.14105 1.13625 1.13123 1.12603 1.12069 1.11527 1.10982 1.10438 1.09902 1.09379 1.08875 1.08396 1.07947 1.07535 1.07163 1.06837 1.0656 1.06335 1.06165 1.06052 1.05995 
-79.7985 -79.3695 -77.4979 -72.87 -64.611 -53.4726 -41.5153 -31.3704 -23.4778 -17.5122 -13.0546 -9.73765 -7.26573 -5.41173 -4.00693 -2.9291 -2.09106 -1.43117 -0.905814 -0.48396 -0.143549 0.131981 0.355036 0.535031 0.679509 0.794668 0.885581 0.95655 1.01122 1.05269 1.08357 1.10604 1.12192 1.13266 1.13947 1.14328 1.14483 1.14468 1.14326 1.14089 1.13782 1.13421 1.13019 1.12585 1.12127 1.1165 1.11158 1.10657 1.10151 1.09644 1.09141 1.08647 1.08167 1.07705 1.07268 1.06859 1.06484 1.06146 1.05851 1.056 1.05396 1.05242 1.05139 1.05088 
-79.2753 -78.8529 -77.0167 -72.4627 -64.2895 -53.2346 -41.3106 -31.1686 -23.2883 -17.342 -12.9067 -9.61227 -7.16143 -5.32629 -3.93794 -2.87424 -2.04826 -1.39861 -0.881928 -0.467409 -0.133173 0.137183 0.355921 0.532433 0.674055 0.786905 0.875979 0.945499 0.999043 1.03964 1.06986 1.09182 1.10732 1.11778 1.12438 1.12804 1.12948 1.12927 1.12783 1.12548 1.12245 1.11892 1.11501 1.11083 1.10643 1.10188 1.09722 1.0925 1.08776 1.08303 1.07835 1.07378 1.06935 1.06511 1.0611 1.05736 1.05393 1.05085 1.04816 1.04588 1.04403 1.04263 1.0417 1.04123 
-78.7506 -78.3339 -76.532 -72.0514 -63.9644 -52.9921 -41.1059 -30.9658 -23.0976 -17.1708 -12.758 -9.48626 -7.05665 -5.2405 -3.86868 -2.81916 -2.00525 -1.36585 -0.857849 -0.450658 -0.122595 0.142594 0.357039 0.53005 0.668817 0.77936 0.866592 0.93466 0.98707 1.0268 1.05634 1.0778 1.09291 1.10309 1.10948 1.11299 1.11433 1.11406 1.11259 1.11025 1.10726 1.1038 1.1 1.09594 1.09171 1.08736 1.08293 1.07846 1.07399 1.06956 1.06519 1.06094 1.05684 1.05292 1.04923 1.04579 1.04265 1.03983 1.03737 1.03529 1.0336 1.03233 1.03147 1.03105 
-78.2247 -77.8127 -76.044 -71.6362 -63.6357 -52.745 -40.9014 -30.7621 -22.9059 -16.9985 -12.6085 -9.35961 -6.9514 -5.15435 -3.79914 -2.76385 -1.96205 -1.3329 -0.833578 -0.433714 -0.111819 0.148209 0.358374 0.527876 0.663784 0.77202 0.857409 0.92402 0.975293 1.01414 1.04301 1.06396 1.07868 1.08857 1.09475 1.09811 1.09935 1.09902 1.09752 1.09518 1.09222 1.08882 1.08511 1.08117 1.07709 1.07291 1.06867 1.06442 1.06019 1.05602 1.05193 1.04795 1.04413 1.0405 1.03708 1.03391 1.03101 1.02842 1.02616 1.02425 1.0227 1.02154 1.02076 1.02037 
-77.6974 -77.2891 -75.5525 -71.2169 -63.3032 -52.4929 -40.6971 -30.5574 -22.7129 -16.8252 -12.458 -9.23229 -6.84565 -5.06784 -3.72933 -2.70831 -1.91864 -1.29976 -0.809118 -0.41658 -0.100851 0.154023 0.359911 0.525902 0.658951 0.764877 0.848421 0.913572 0.963702 1.00166 1.02985 1.05028 1.06462 1.07422 1.08018 1.08339 1.08452 1.08412 1.08259 1.08025 1.07731 1.07397 1.07033 1.06649 1.06253 1.0585 1.05443 1.05037 1.04635 1.0424 1.03854 1.03481 1.03124 1.02785 1.02466 1.02172 1.01904 1.01665 1.01456 1.0128 1.01138 1.0103 1.00959 1.00923 
-77.1689 -76.7632 -75.0576 -70.7935 -62.967 -52.2356 -40.4932 -30.3516 -22.5189 -16.6508 -12.3067 -9.1043 -6.73941 -4.98097 -3.65923 -2.65256 -1.87504 -1.26643 -0.784468 -0.399258 -0.0896942 0.160026 0.36164 0.524118 0.654309 0.757924 0.839619 0.903306 0.952289 0.989357 1.01686 1.03677 1.05071 1.06002 1.06576 1.06881 1.06983 1.06936 1.06779 1.06543 1.06251 1.0592 1.05562 1.05187 1.04802 1.04411 1.04019 1.03629 1.03245 1.02869 1.02504 1.02152 1.01815 1.01497 1.01199 1.00925 1.00675 1.00453 1.00259 1.00096 0.999643 0.998651 0.997989 0.997659 
-76.6391 -76.235 -74.5591 -70.3659 -62.6269 -51.9728 -40.2898 -30.1447 -22.3235 -16.4753 -12.1545 -8.97563 -6.63267 -4.89372 -3.58886 -2.59658 -1.83124 -1.23291 -0.759624 -0.381752 -0.0783564 0.166212 0.363551 0.522508 0.649851 0.751156 0.830999 0.893216 0.941044 0.977214 1.00403 1.02341 1.03694 1.04594 1.05147 1.05435 1.05525 1.0547 1.05308 1.05071 1.04779 1.04451 1.04098 1.0373 1.03353 1.02973 1.02593 1.02217 1.01848 1.01489 1.01141 1.00806 1.00488 1.00188 0.999078 0.9965 0.994164 0.992085 0.990278 0.988757 0.987531 0.986609 0.985993 0.985686 
-76.1082 -75.7045 -74.0571 -69.9339 -62.2828 -51.7048 -40.0862 -29.9365 -22.127 -16.2988 -12.0015 -8.84629 -6.52543 -4.80611 -3.51822 -2.54038 -1.78726 -1.19922 -0.734576 -0.364068 -0.0668456 0.172576 0.365641 0.521053 0.645575 0.74457 0.822555 0.883296 0.929962 0.965225 0.991337 1.01018 1.02331 1.032 1.03729 1.03999 1.04078 1.04014 1.03846 1.03606 1.03314 1.02987 1.02637 1.02274 1.01905 1.01533 1.01164 1.008 1.00444 1.00098 0.997641 0.994449 0.991419 0.98857 0.985921 0.983487 0.981286 0.979331 0.977635 0.976209 0.975062 0.974198 0.973623 0.973336 
-75.5762 -75.1719 -73.5514 -69.4974 -61.9346 -51.4324 -39.8811 -29.7273 -21.9294 -16.1211 -11.8475 -8.71626 -6.41769 -4.71814 -3.4473 -2.48397 -1.7431 -1.16536 -0.709311 -0.346229 -0.0551735 0.179108 0.367904 0.519791 0.641471 0.738155 0.814279 0.873538 0.919034 0.953383 0.978785 0.99708 1.00979 1.01816 1.02321 1.02574 1.02639 1.02565 1.02392 1.02147 1.01853 1.01527 1.01179 1.0082 1.00456 1.00091 0.997301 0.993755 0.990298 0.986953 0.983739 0.980673 0.977772 0.975052 0.972529 0.970217 0.968131 0.966281 0.964679 0.963334 0.962252 0.961439 0.960898 0.960628 
-75.043 -74.637 -73.0419 -69.0564 -61.5823 -51.1559 -39.6738 -29.517 -21.7306 -15.9424 -11.6926 -8.58556 -6.30945 -4.6298 -3.37611 -2.42734 -1.69875 -1.13133 -0.683932 -0.328218 -0.0433249 0.185817 0.370346 0.518718 0.63754 0.731906 0.806165 0.863935 0.908254 0.94168 0.966364 0.984102 0.996385 1.00443 1.00923 1.01157 1.01207 1.01123 1.00942 1.00693 1.00396 1.00068 0.997219 0.993651 0.990045 0.98645 0.982903 0.979432 0.976061 0.972809 0.969694 0.966732 0.963937 0.961325 0.958908 0.956698 0.954707 0.952946 0.951423 0.950145 0.949119 0.948349 0.947836 0.947581 
-74.5088 -74.1001 -72.5287 -68.6108 -61.2258 -50.8755 -39.4636 -29.3056 -21.5306 -15.7626 -11.5369 -8.45417 -6.20072 -4.5411 -3.30464 -2.37049 -1.65421 -1.09713 -0.658426 -0.310045 -0.0313026 0.192704 0.372968 0.517825 0.63378 0.72582 0.798208 0.854483 0.897617 0.930111 0.954066 0.971239 0.983083 0.990791 0.995328 0.997468 0.997822 0.996867 0.99497 0.992414 0.989407 0.98611 0.982639 0.97908 0.975496 0.971936 0.968435 0.965021 0.961715 0.958537 0.955501 0.952623 0.949916 0.947391 0.94506 0.942934 0.941023 0.939335 0.937877 0.936656 0.935677 0.934942 0.934453 0.93421 
-73.9735 -73.561 -72.0117 -68.1604 -60.8649 -50.5913 -39.2501 -29.0932 -21.3296 -15.5818 -11.3802 -8.3221 -6.09148 -4.45202 -3.2329 -2.31342 -1.60948 -1.06278 -0.632771 -0.291711 -0.0191095 0.199766 0.375766 0.517105 0.630181 0.719892 0.790405 0.845179 0.887118 0.91867 0.941886 0.958482 0.969877 0.977236 0.981503 0.983432 0.983623 0.982542 0.980549 0.97792 0.974861 0.971529 0.968039 0.964474 0.960898 0.957358 0.953887 0.950512 0.947254 0.944131 0.941157 0.938345 0.935705 0.93325 0.930989 0.928931 0.927084 0.925456 0.924052 0.922877 0.921936 0.92123 0.920761 0.920527 
-73.4373 -73.0198 -71.4908 -67.7051 -60.4995 -50.3032 -39.0329 -28.8798 -21.1274 -15.3998 -11.2226 -8.18933 -5.98172 -4.36258 -3.16087 -2.25612 -1.56457 -1.02825 -0.606953 -0.27321 -0.00674438 0.207004 0.37874 0.516552 0.62673 0.714118 0.782756 0.836019 0.876754 0.907352 0.929818 0.945825 0.95676 0.963758 0.967743 0.96945 0.969466 0.968247 0.966146 0.963433 0.96031 0.95693 0.953407 0.949824 0.946241 0.942704 0.939247 0.935896 0.93267 0.929586 0.926656 0.923892 0.921305 0.918904 0.916697 0.914692 0.912896 0.911315 0.909954 0.908817 0.907906 0.907224 0.906771 0.906545 
-72.9002 -72.4767 -70.9661 -67.2448 -60.1295 -50.0111 -38.8116 -28.6655 -20.9241 -15.2166 -11.0641 -8.05584 -5.87144 -4.27275 -3.08855 -2.1986 -1.51946 -0.993541 -0.580962 -0.254537 0.0057949 0.214417 0.381888 0.516168 0.623418 0.708502 0.775257 0.827001 0.866521 0.896154 0.917857 0.933263 0.943724 0.95035 0.95404 0.955514 0.955343 0.953974 0.951752 0.948942 0.945742 0.942302 0.938733 0.935117 0.931513 0.927966 0.924508 0.921165 0.917956 0.914894 0.911993 0.909263 0.906713 0.904351 0.902185 0.90022 0.898463 0.896919 0.895591 0.894482 0.893596 0.892932 0.892491 0.892272 
-72.3623 -71.9315 -70.4373 -66.7794 -59.7548 -49.715 -38.5858 -28.4506 -20.7197 -15.0323 -10.9046 -7.92161 -5.76063 -4.18253 -3.01594 -2.14083 -1.47414 -0.958649 -0.554788 -0.235685 0.0185088 0.222001 0.385202 0.515945 0.620287 0.703037 0.7679 0.818116 0.856413 0.885069 0.905997 0.92079 0.930765 0.937005 0.940387 0.941614 0.941243 0.939712 0.937357 0.934437 0.931147 0.927634 0.924006 0.920343 0.916704 0.913133 0.909661 0.906312 0.903103 0.90005 0.897164 0.894453 0.891926 0.889591 0.887452 0.885516 0.883787 0.882269 0.880966 0.879879 0.879011 0.878361 0.87793 0.877715 
-71.8235 -71.3844 -69.9046 -66.3088 -59.3753 -49.4147 -38.3552 -28.2352 -20.5141 -14.8468 -10.7441 -7.78662 -5.64925 -4.09189 -2.94301 -2.08281 -1.42861 -0.923561 -0.528421 -0.21665 0.0313992 0.229757 0.388685 0.51589 0.617327 0.697725 0.760683 0.809364 0.846426 0.874096 0.894236 0.908402 0.917877 0.923717 0.926778 0.927744 0.92716 0.925453 0.922951 0.919909 0.916516 0.912916 0.909215 0.905493 0.901806 0.898197 0.894696 0.891327 0.888107 0.885049 0.882163 0.879459 0.876943 0.874621 0.872498 0.87058 0.868869 0.867369 0.866083 0.865011 0.864156 0.863516 0.863091 0.86288 
-71.284 -70.8353 -69.3679 -65.8329 -58.9907 -49.1101 -38.1192 -28.0196 -20.3073 -14.6601 -10.5826 -7.65085 -5.53731 -4.00084 -2.86976 -2.02452 -1.38283 -0.888242 -0.501867 -0.197435 0.044468 0.23769 0.392342 0.516006 0.614531 0.69256 0.753606 0.800743 0.83656 0.86323 0.88257 0.896094 0.905055 0.910481 0.913205 0.913896 0.913085 0.911188 0.908526 0.905347 0.901838 0.898138 0.894352 0.890557 0.886808 0.883148 0.879605 0.876204 0.872958 0.869883 0.866986 0.864276 0.861758 0.859439 0.857322 0.855412 0.853711 0.852221 0.850944 0.849882 0.849034 0.8484 0.84798 0.847771 
-70.7437 -70.2844 -68.8272 -65.3514 -58.6009 -48.8011 -37.8775 -27.804 -20.0993 -14.4721 -10.42 -7.51427 -5.42477 -3.90935 -2.79618 -1.96595 -1.3368 -0.852695 -0.475103 -0.178023 0.0577263 0.245808 0.39618 0.516297 0.611898 0.687533 0.746672 0.792255 0.826815 0.852471 0.870995 0.883863 0.892294 0.89729 0.899663 0.900064 0.899011 0.89691 0.894074 0.890744 0.887105 0.883291 0.879406 0.875525 0.871702 0.867978 0.864381 0.860934 0.857652 0.854546 0.851626 0.848899 0.84637 0.844043 0.841923 0.840011 0.838311 0.836824 0.835551 0.834492 0.833648 0.833018 0.8326 0.832392 
-70.2029 -69.7316 -68.2824 -64.8644 -58.2057 -48.4875 -37.6294 -27.5888 -19.89 -14.2826 -10.2563 -7.37685 -5.31162 -3.81742 -2.72225 -1.9071 -1.29052 -0.816909 -0.448111 -0.158402 0.0711834 0.254119 0.400206 0.51677 0.609436 0.682632 0.739881 0.783902 0.81719 0.841817 0.85951 0.871705 0.87959 0.884141 0.886146 0.886242 0.884931 0.88261 0.879585 0.876091 0.872307 0.868366 0.864369 0.860388 0.856478 0.852677 0.849014 0.84551 0.842179 0.839032 0.836078 0.833324 0.830773 0.828429 0.826296 0.824376 0.82267 0.821179 0.819903 0.818844 0.817999 0.817369 0.816951 0.816744 
-69.6614 -69.177 -67.7335 -64.3716 -57.8051 -48.1693 -37.3745 -27.3743 -19.6792 -14.0918 -10.0914 -7.23856 -5.19785 -3.72502 -2.64798 -1.84797 -1.24398 -0.780857 -0.420884 -0.138566 0.0848427 0.262624 0.40442 0.517421 0.60714 0.677913 0.733228 0.775675 0.80768 0.831265 0.848111 0.859617 0.866939 0.871027 0.872648 0.872421 0.870837 0.868281 0.865051 0.861378 0.857435 0.853354 0.849231 0.845138 0.841128 0.837238 0.833497 0.829923 0.826532 0.823334 0.820336 0.817544 0.814963 0.812594 0.81044 0.808503 0.806784 0.805283 0.804001 0.802936 0.802088 0.801455 0.801036 0.800828 
-69.1194 -68.6207 -67.1805 -63.8729 -57.3987 -47.8463 -37.1122 -27.1608 -19.4667 -13.8995 -9.92538 -7.09941 -5.08344 -3.63217 -2.57335 -1.78855 -1.19717 -0.744501 -0.39342 -0.118518 0.0987073 0.271331 0.408829 0.518259 0.605022 0.673368 0.72672 0.767574 0.798285 0.820812 0.836795 0.847595 0.854337 0.857944 0.859163 0.858596 0.856722 0.853914 0.850464 0.846596 0.84248 0.838244 0.833982 0.829763 0.825641 0.82165 0.817819 0.814166 0.810705 0.807445 0.804393 0.801555 0.798934 0.796532 0.794351 0.792391 0.790653 0.789137 0.787842 0.786768 0.785913 0.785276 0.784854 0.784644 
-68.577 -68.0627 -66.6234 -63.3682 -56.9863 -47.5184 -36.8436 -26.9464 -19.2527 -13.7057 -9.7582 -6.95941 -4.96842 -3.53886 -2.49838 -1.72885 -1.1501 -0.707794 -0.365735 -0.0982571 0.112788 0.280253 0.413448 0.519297 0.603094 0.668995 0.72035 0.759605 0.789006 0.810461 0.825563 0.835638 0.84178 0.844886 0.845685 0.84476 0.842577 0.839501 0.835815 0.831737 0.827433 0.823027 0.818612 0.814255 0.810008 0.805905 0.801973 0.798229 0.794687 0.791356 0.788242 0.78535 0.782681 0.780239 0.778023 0.776034 0.774272 0.772736 0.771426 0.770339 0.769475 0.76883 0.768404 0.768192 
-68.0341 -67.503 -66.0622 -62.8574 -56.5678 -47.1854 -36.5693 -26.7297 -19.0371 -13.5106 -9.58992 -6.81858 -4.85279 -3.44509 -2.42304 -1.66883 -1.10276 -0.670905 -0.33779 -0.0777365 0.127119 0.289414 0.418293 0.520549 0.601364 0.664799 0.714102 0.751772 0.779849 0.800211 0.814412 0.823741 0.829263 0.83185 0.832208 0.830906 0.828396 0.825034 0.821094 0.81679 0.812282 0.807692 0.803111 0.798603 0.794219 0.789992 0.785948 0.782103 0.778472 0.775061 0.771876 0.768921 0.766198 0.763709 0.761453 0.75943 0.757639 0.756079 0.754749 0.753646 0.75277 0.752117 0.751685 0.751471 
-67.4909 -66.9418 -65.4968 -62.3402 -56.143 -46.8471 -36.2897 -26.5093 -18.8199 -13.3142 -9.42058 -6.67694 -4.73655 -3.35087 -2.34733 -1.6085 -1.05515 -0.633828 -0.309582 -0.0569419 0.141716 0.298828 0.423378 0.522024 0.599837 0.660779 0.70801 0.744072 0.770809 0.790059 0.803338 0.811901 0.816782 0.818827 0.818724 0.817025 0.814169 0.810502 0.806291 0.801744 0.797018 0.792229 0.787467 0.782796 0.778262 0.7739 0.769734 0.765779 0.762049 0.75855 0.755286 0.752261 0.749478 0.746937 0.744636 0.742574 0.740749 0.739161 0.737808 0.736688 0.735798 0.735135 0.734696 0.734478 
-66.9473 -66.379 -64.9273 -61.8165 -55.7114 -46.5034 -36.0049 -26.2845 -18.6011 -13.1164 -9.25017 -6.5345 -4.61972 -3.25618 -2.27124 -1.54784 -1.00725 -0.596499 -0.2811 -0.0358669 0.156587 0.308505 0.42871 0.523726 0.598514 0.656943 0.7021 0.736504 0.761878 0.779999 0.792337 0.800112 0.804329 0.805811 0.805225 0.803108 0.799886 0.795895 0.791396 0.786589 0.781627 0.776626 0.771669 0.766821 0.762127 0.757619 0.75332 0.749246 0.745409 0.741814 0.738464 0.735364 0.732514 0.729915 0.727565 0.72546 0.723598 0.721979 0.720601 0.719461 0.718555 0.717881 0.717435 0.717213 
-66.4035 -65.8148 -64.3537 -61.2863 -55.2731 -46.1541 -35.715 -26.0543 -18.3809 -12.9174 -9.07868 -6.39124 -4.50227 -3.16101 -2.19475 -1.48684 -0.959037 -0.558866 -0.252318 -0.0144982 0.171745 0.318457 0.4343 0.525668 0.597412 0.653307 0.696368 0.729059 0.753055 0.770028 0.781405 0.788369 0.7919 0.792795 0.791703 0.789146 0.785537 0.781202 0.776395 0.771311 0.766098 0.760868 0.755704 0.750666 0.7458 0.741136 0.736694 0.732492 0.728542 0.724845 0.721403 0.718222 0.715301 0.712638 0.710231 0.708079 0.706181 0.704531 0.703127 0.701964 0.701041 0.700354 0.699899 0.699674 
-65.8595 -65.2492 -63.776 -60.7492 -54.8276 -45.7989 -35.4196 -25.8181 -18.1595 -12.7171 -8.9061 -6.24715 -4.3842 -3.06534 -2.11783 -1.42544 -0.910469 -0.520883 -0.223213 0.00717982 0.187201 0.328695 0.440162 0.527864 0.596542 0.649881 0.690813 0.721712 0.744341 0.760148 0.770537 0.776666 0.779485 0.779769 0.778148 0.775127 0.771109 0.76641 0.761276 0.755896 0.750416 0.744943 0.739557 0.734317 0.729268 0.724439 0.719845 0.715508 0.711432 0.707625 0.704092 0.700827 0.69783 0.695101 0.692637 0.690436 0.688496 0.686811 0.685378 0.684192 0.683251 0.68255 0.682087 0.681857 
-65.3154 -64.6823 -63.1942 -60.2053 -54.3746 -45.4377 -35.1187 -25.575 -17.9372 -12.5155 -8.73239 -6.10219 -4.26548 -2.96915 -2.04045 -1.36358 -0.861438 -0.482555 -0.193778 0.029181 0.202972 0.339236 0.44631 0.530325 0.595912 0.646663 0.685428 0.714504 0.73573 0.750345 0.759724 0.764993 0.767074 0.766721 0.764546 0.761038 0.756588 0.751503 0.746022 0.740329 0.734563 0.728833 0.723212 0.717758 0.712512 0.707505 0.702759 0.69828 0.694078 0.690158 0.686522 0.683168 0.680093 0.677296 0.674773 0.672522 0.670538 0.668816 0.667352 0.666142 0.665182 0.664468 0.663995 0.663761 
-64.7711 -64.1142 -62.6083 -59.6543 -53.914 -45.0701 -34.812 -25.3241 -17.7145 -12.3125 -8.55749 -5.95635 -4.14608 -2.87242 -1.96259 -1.30126 -0.811941 -0.443791 -0.163956 0.0515428 0.219086 0.350103 0.452765 0.533067 0.595532 0.64366 0.680222 0.707456 0.727209 0.740608 0.748955 0.753338 0.754656 0.753639 0.750883 0.746862 0.741957 0.736464 0.730615 0.724593 0.718523 0.712517 0.706647 0.700972 0.695525 0.690335 0.685423 0.680797 0.676464 0.672426 0.668686 0.665239 0.662084 0.659217 0.656633 0.654329 0.6523 0.650541 0.649046 0.647811 0.646832 0.646103 0.645622 0.645383 
-64.2268 -63.5449 -62.0184 -59.0961 -53.4455 -44.6959 -34.4993 -25.0644 -17.4918 -12.108 -8.38131 -5.80958 -4.02601 -2.77514 -1.88425 -1.23846 -0.761888 -0.404566 -0.13372 0.0742957 0.235574 0.361324 0.459549 0.536111 0.595422 0.640892 0.675216 0.700571 0.718744 0.730926 0.738218 0.741689 0.742214 0.740507 0.737142 0.732582 0.727197 0.721273 0.715036 0.708657 0.702275 0.695982 0.689854 0.683944 0.678287 0.672908 0.667825 0.663047 0.658578 0.65442 0.650572 0.647032 0.643795 0.640856 0.638211 0.635854 0.633779 0.631982 0.630456 0.629196 0.628197 0.627455 0.626964 0.626721 
-63.6825 -62.9745 -61.4246 -58.5305 -52.9685 -44.3148 -34.1806 -24.7952 -17.2693 -11.9018 -8.20382 -5.66189 -3.90525 -2.67732 -1.80542 -1.17518 -0.711164 -0.364885 -0.103049 0.0974756 0.252473 0.372934 0.466692 0.539479 0.5956 0.638374 0.670419 0.693841 0.710346 0.721289 0.727498 0.730027 0.729731 0.727303 0.723303 0.718176 0.712283 0.705904 0.699257 0.692511 0.685797 0.679206 0.672809 0.666656 0.660781 0.655208 0.64995 0.645015 0.640408 0.636128 0.632172 0.628536 0.625217 0.622206 0.619499 0.617089 0.61497 0.613135 0.611578 0.610294 0.609276 0.60852 0.60802 0.607772 
-63.1383 -62.4032 -60.8269 -57.9575 -52.4829 -43.9264 -33.8553 -24.5176 -17.0441 -11.6939 -8.02518 -5.51338 -3.78387 -2.57895 -1.72608 -1.11138 -0.659981 -0.324675 -0.0718579 0.121151 0.269836 0.384971 0.474224 0.543194 0.59608 0.636111 0.665829 0.687272 0.702096 0.711664 0.716757 0.718325 0.717182 0.714003 0.709332 0.703611 0.697185 0.690329 0.683256 0.676128 0.669068 0.662168 0.655493 0.64909 0.642991 0.637218 0.631782 0.626689 0.621942 0.617538 0.613474 0.609744 0.606342 0.603261 0.600493 0.598032 0.595869 0.593997 0.592411 0.591102 0.590066 0.589296 0.588788 0.588536 
-62.5941 -61.831 -60.2254 -57.3768 -51.9883 -43.5303 -33.5234 -24.2325 -16.814 -11.4845 -7.84554 -5.36417 -3.66193 -2.48005 -1.64619 -1.04706 -0.608399 -0.283889 -0.0400847 0.145377 0.287709 0.397473 0.482172 0.547274 0.596872 0.634108 0.661447 0.680865 0.693965 0.702066 0.706005 0.706558 0.704525 0.70056 0.695193 0.688852 0.681873 0.674523 0.667006 0.659481 0.652065 0.644845 0.637884 0.631225 0.624898 0.618921 0.613305 0.608054 0.603167 0.59864 0.594469 0.590647 0.587165 0.584015 0.581188 0.578676 0.576472 0.574565 0.57295 0.571619 0.570566 0.569783 0.569267 0.569011 
-62.05 -61.258 -59.6202 -56.7884 -51.4842 -43.1261 -33.1844 -23.9402 -16.577 -11.2739 -7.66498 -5.2143 -3.53946 -2.38063 -1.56575 -0.982171 -0.556273 -0.2425 -0.00770396 0.170184 0.306121 0.410464 0.490554 0.551731 0.597982 0.632362 0.657264 0.674598 0.685911 0.692455 0.695205 0.694702 0.691741 0.686956 0.680864 0.673877 0.666323 0.658459 0.650483 0.642546 0.634762 0.627213 0.619959 0.61304 0.606481 0.6003 0.594504 0.589095 0.58407 0.579423 0.575148 0.571236 0.567676 0.56446 0.561578 0.559019 0.556775 0.554837 0.553195 0.551844 0.550774 0.54998 0.549456 0.549196 
-61.506 -60.6843 -59.0115 -56.192 -50.9703 -42.7134 -32.8382 -23.6407 -16.3312 -11.0622 -7.48348 -5.06382 -3.41649 -2.28068 -1.4847 -0.916639 -0.503489 -0.200463 0.0253115 0.195598 0.325098 0.423967 0.499386 0.556571 0.599407 0.630861 0.653256 0.668439 0.6779 0.682852 0.6843 0.682713 0.678795 0.673161 0.666314 0.658656 0.650503 0.642106 0.633654 0.625293 0.617131 0.609246 0.601694 0.594511 0.587721 0.581337 0.575363 0.569798 0.564638 0.559875 0.5555 0.551502 0.54787 0.544593 0.541659 0.539057 0.536777 0.534809 0.533145 0.531774 0.53069 0.529886 0.529356 0.529093 
-60.9622 -60.11 -58.3992 -55.5877 -50.4461 -42.2918 -32.4844 -23.3338 -16.0752 -10.8496 -7.30088 -4.91274 -3.29308 -2.18021 -1.40295 -0.85025 -0.450031 -0.157758 0.0589911 0.22165 0.344668 0.438001 0.50868 0.561798 0.60114 0.629592 0.649405 0.662365 0.669912 0.673214 0.673225 0.670556 0.66565 0.659135 0.651505 0.64315 0.634378 0.625428 0.616486 0.607689 0.599142 0.590916 0.583063 0.575617 0.568597 0.562011 0.555863 0.550148 0.54486 0.539987 0.535518 0.531441 0.527742 0.524408 0.521428 0.518787 0.516476 0.514483 0.512798 0.511412 0.510316 0.509503 0.508967 0.508701 
-60.4184 -59.5352 -57.7837 -54.9754 -49.9112 -41.8606 -32.1225 -23.0193 -15.8094 -10.6337 -7.11741 -4.76126 -3.16939 -2.07931 -1.32056 -0.782966 -0.395735 -0.114275 0.0934103 0.248396 0.364868 0.45259 0.518446 0.567408 0.603168 0.628532 0.64568 0.65634 0.6619 0.663482 0.661996 0.658165 0.652243 0.644824 0.636387 0.627313 0.617902 0.608385 0.598939 0.589699 0.58076 0.572191 0.564039 0.556332 0.549085 0.542305 0.53599 0.530132 0.524722 0.519747 0.515193 0.511044 0.507285 0.503903 0.500882 0.498209 0.495872 0.493858 0.492156 0.490757 0.489652 0.488833 0.488292 0.488024 
-59.8748 -58.9599 -57.165 -54.3549 -49.3652 -41.4194 -31.7519 -22.6968 -15.5348 -10.411 -6.93326 -4.60954 -3.04558 -1.97811 -1.23758 -0.714591 -0.340594 -0.0699562 0.128641 0.275896 0.385741 0.467759 0.528689 0.573394 0.605471 0.627649 0.642042 0.650319 0.653815 0.65361 0.650581 0.645458 0.638512 0.63017 0.620905 0.611093 0.601026 0.590928 0.580972 0.571282 0.56195 0.55304 0.544591 0.536629 0.529164 0.522198 0.515726 0.509736 0.504215 0.499148 0.494518 0.490307 0.486498 0.483075 0.480021 0.477323 0.474965 0.472935 0.471221 0.469814 0.468702 0.467878 0.467335 0.467066 
-59.3313 -58.3844 -56.5434 -53.7262 -48.8075 -40.9674 -31.3722 -22.3659 -15.2521 -10.1797 -6.74711 -4.4577 -2.92181 -1.87667 -1.15403 -0.645417 -0.284497 -0.024665 0.164789 0.304221 0.407329 0.483521 0.539404 0.579732 0.608013 0.626898 0.638438 0.644243 0.645599 0.643541 0.638906 0.632363 0.624391 0.615104 0.604993 0.594428 0.583693 0.573007 0.562535 0.552395 0.542673 0.533427 0.524691 0.516484 0.508813 0.501673 0.495056 0.488947 0.483329 0.478182 0.473488 0.469226 0.465377 0.461923 0.458846 0.456129 0.453758 0.451718 0.449998 0.448585 0.44747 0.446644 0.4461 0.44583 
-58.7878 -57.8086 -55.919 -53.0893 -48.2377 -40.5041 -30.9827 -22.0261 -14.9611 -9.94062 -6.55556 -4.3053 -2.79832 -1.77516 -1.06998 -0.575692 -0.227375 0.0216901 0.201923 0.33341 0.429644 0.499868 0.550562 0.586378 0.610736 0.626214 0.634796 0.638036 0.637169 0.633185 0.62688 0.618897 0.609771 0.599533 0.588573 0.577248 0.56584 0.554563 0.543576 0.532991 0.522888 0.513317 0.504306 0.49587 0.488008 0.480712 0.473967 0.467755 0.462055 0.456845 0.452101 0.447801 0.443924 0.44045 0.437359 0.434633 0.432256 0.430213 0.428491 0.427078 0.425964 0.425138 0.424594 0.424325 
-58.2443 -57.2327 -55.2922 -52.4443 -47.6552 -40.0286 -30.5826 -21.6767 -14.6616 -9.69406 -6.3584 -4.14922 -2.6745 -1.67399 -0.985669 -0.505313 -0.169308 0.0690575 0.240012 0.363438 0.452651 0.516752 0.562104 0.59326 0.613559 0.625505 0.63102 0.6316 0.628429 0.622452 0.614426 0.60496 0.594537 0.583382 0.571565 0.559476 0.547396 0.535533 0.524039 0.513021 0.502551 0.492672 0.483407 0.474761 0.46673 0.459298 0.452446 0.446152 0.440389 0.435132 0.430355 0.426033 0.422142 0.41866 0.415566 0.41284 0.410466 0.408427 0.40671 0.405302 0.404191 0.403369 0.402828 0.402559 
-57.7007 -56.6567 -54.6631 -51.791 -47.0595 -39.5402 -30.1711 -21.3171 -14.3532 -9.43996 -6.15543 -3.98893 -2.54757 -1.57252 -0.901313 -0.434518 -0.1105 0.117291 0.278951 0.394216 0.476264 0.534081 0.573927 0.600269 0.616365 0.624653 0.626989 0.624813 0.619259 0.611223 0.601422 0.590424 0.578679 0.56653 0.553863 0.541022 0.528281 0.515845 0.503861 0.492431 0.481617 0.471455 0.461961 0.453134 0.444959 0.437418 0.430485 0.424131 0.418328 0.413045 0.408254 0.403926 0.400037 0.39656 0.393475 0.390761 0.388398 0.386372 0.384666 0.383267 0.382165 0.381349 0.380812 0.380546 
-57.1569 -56.0807 -54.0321 -51.1298 -46.45 -39.0378 -29.7472 -20.9463 -14.0351 -9.17798 -5.94636 -3.82403 -2.41707 -1.46807 -0.816654 -0.363609 -0.0511665 0.166218 0.318596 0.425611 0.500353 0.55172 0.585891 0.607255 0.619002 0.623502 0.622549 0.617526 0.609513 0.59936 0.587738 0.575179 0.562102 0.54885 0.53537 0.521795 0.508412 0.495426 0.48298 0.471165 0.46004 0.44963 0.439942 0.430965 0.422681 0.415062 0.408077 0.401692 0.395874 0.390588 0.385804 0.38149 0.377619 0.374163 0.3711 0.368408 0.366068 0.364061 0.362373 0.36099 0.359901 0.359095 0.358564 0.358301 
-56.6128 -55.5047 -53.3994 -50.4606 -45.8262 -38.5205 -29.31 -20.5634 -13.7067 -8.90761 -5.73078 -3.65412 -2.28265 -1.36041 -0.728875 -0.292797 0.00840209 0.215619 0.358764 0.457454 0.524744 0.569487 0.597804 0.614023 0.621272 0.621856 0.617508 0.609554 0.599018 0.5867 0.573227 0.559088 0.544665 0.530243 0.515977 0.501693 0.487698 0.474197 0.461326 0.44917 0.437776 0.427161 0.417321 0.408239 0.399885 0.392226 0.385223 0.378839 0.373034 0.367772 0.363018 0.358739 0.354904 0.351486 0.348459 0.345802 0.343493 0.341515 0.339853 0.338491 0.337419 0.336626 0.336104 0.335846 
-56.0683 -54.9288 -52.7655 -49.7838 -45.1876 -37.9873 -28.8582 -20.1671 -13.3669 -8.62812 -5.50812 -3.47872 -2.1439 -1.24927 -0.638028 -0.21973 0.0678674 0.26527 0.399248 0.489529 0.549211 0.587143 0.609419 0.620323 0.622924 0.61947 0.611632 0.600674 0.587564 0.573048 0.557704 0.541978 0.526212 0.510665 0.495547 0.480595 0.466039 0.452074 0.438831 0.426388 0.414782 0.404018 0.394081 0.384943 0.376567 0.368911 0.361931 0.355583 0.349824 0.344615 0.339916 0.335694 0.331915 0.328551 0.325576 0.322966 0.320701 0.318761 0.317132 0.315798 0.314748 0.313972 0.31346 0.313208 
-55.5233 -54.3531 -52.1307 -49.0997 -44.5337 -37.4369 -28.3904 -19.7561 -13.0146 -8.3386 -5.27766 -3.2972 -2.00024 -1.1342 -0.544487 -0.144152 0.128969 0.314865 0.439761 0.521549 0.573454 0.604379 0.620421 0.625836 0.623648 0.616045 0.604636 0.590621 0.574906 0.558181 0.540971 0.523676 0.506598 0.489963 0.473939 0.458402 0.443342 0.428975 0.415429 0.402771 0.391023 0.380178 0.370208 0.361075 0.352731 0.345128 0.338215 0.331944 0.326267 0.321141 0.316526 0.312384 0.308683 0.305392 0.302484 0.299935 0.297725 0.295833 0.294244 0.292945 0.291922 0.291166 0.290668 0.290422 
-54.9774 -53.7776 -51.4954 -48.4085 -43.8639 -36.8681 -27.905 -19.3286 -12.6483 -8.03795 -5.03855 -3.10885 -1.85107 -1.0148 -0.44764 -0.0660847 0.191769 0.36517 0.479869 0.553107 0.597074 0.620793 0.630405 0.630163 0.623055 0.611212 0.596175 0.579076 0.560754 0.541836 0.522794 0.503975 0.485637 0.467965 0.451075 0.434998 0.419504 0.404818 0.391058 0.378274 0.366472 0.355628 0.345702 0.336643 0.328395 0.320901 0.314105 0.307953 0.302396 0.297388 0.292885 0.28885 0.285249 0.28205 0.279226 0.276752 0.274608 0.272775 0.271236 0.269977 0.268986 0.268254 0.267772 0.267534 
-54.4307 -53.2021 -50.86 -47.7109 -43.1779 -36.2793 -27.4003 -18.8828 -12.2665 -7.72485 -4.78974 -2.9128 -1.69545 -0.889791 -0.347512 0.014216 0.25598 0.416123 0.519727 0.58368 0.619561 0.635874 0.638865 0.632811 0.620674 0.604527 0.58584 0.565666 0.544772 0.523717 0.502908 0.482641 0.463125 0.444504 0.426866 0.410269 0.394426 0.379528 0.365667 0.352868 0.341118 0.330374 0.32058 0.311674 0.303591 0.296267 0.289641 0.283657 0.278261 0.273405 0.269046 0.265145 0.261667 0.25858 0.255857 0.253474 0.251409 0.249644 0.248163 0.246952 0.245999 0.245295 0.244832 0.244602 
-53.8827 -52.6269 -50.225 -47.0075 -42.4752 -35.669 -26.8742 -18.4163 -11.867 -7.39771 -4.53009 -2.70831 -1.53301 -0.758715 -0.243572 0.0968509 0.321425 0.467393 0.559119 0.61299 0.640292 0.649 0.645178 0.633172 0.615929 0.595458 0.573145 0.549958 0.526576 0.503485 0.481023 0.459428 0.438858 0.419413 0.401152 0.384111 0.368032 0.353054 0.339229 0.32655 0.314975 0.304441 0.294878 0.286212 0.27837 0.271283 0.264885 0.259117 0.253925 0.249259 0.245076 0.241337 0.238005 0.235051 0.232448 0.23017 0.228198 0.226512 0.225098 0.223942 0.223033 0.222361 0.221918 0.2217 
-53.3334 -52.0517 -49.5909 -46.2989 -41.7557 -35.0355 -26.3242 -17.9263 -11.4475 -7.05464 -4.25816 -2.49439 -1.36332 -0.621153 -0.135791 0.181731 0.387809 0.518508 0.597452 0.640518 0.658622 0.659416 0.648587 0.630512 0.608129 0.583373 0.557525 0.531449 0.50573 0.480765 0.456821 0.434071 0.41262 0.392521 0.373791 0.356429 0.340267 0.325376 0.311753 0.299348 0.288087 0.277888 0.268663 0.26033 0.252809 0.246027 0.239916 0.234416 0.229472 0.225035 0.221062 0.217512 0.214353 0.211554 0.209088 0.206931 0.205064 0.20347 0.202132 0.201038 0.200178 0.199543 0.199124 0.198917 
-52.7825 -51.4767 -48.9582 -45.5862 -41.0192 -34.377 -25.7477 -17.4093 -11.005 -6.69323 -3.97205 -2.26951 -1.18534 -0.478591 -0.0239215 0.268755 0.454649 0.568736 0.633856 0.665327 0.673657 0.666194 0.648179 0.623948 0.596454 0.567531 0.538326 0.509574 0.481749 0.455151 0.429966 0.4063 0.384197 0.363662 0.344666 0.327158 0.311115 0.296518 0.283291 0.271334 0.260541 0.250808 0.242035 0.234131 0.227014 0.220607 0.214844 0.209664 0.205013 0.200843 0.197112 0.193782 0.19082 0.188197 0.185887 0.183867 0.18212 0.180627 0.179376 0.178352 0.177547 0.176952 0.176561 0.176367 
-52.23 -50.9018 -48.3276 -44.8705 -40.266 -33.6915 -25.1413 -16.861 -10.5358 -6.3106 -3.66957 -2.03192 -0.997689 -0.330436 0.0910661 0.356782 0.520721 0.616785 0.667001 0.686084 0.684102 0.668054 0.642862 0.612418 0.579935 0.547078 0.514812 0.483711 0.454115 0.42622 0.400122 0.375852 0.353395 0.332704 0.313704 0.296287 0.280626 0.26657 0.253959 0.242639 0.232474 0.223341 0.215132 0.207754 0.201122 0.19516 0.189804 0.184995 0.180682 0.176817 0.173362 0.17028 0.167541 0.165115 0.16298 0.161114 0.1595 0.158121 0.156965 0.156019 0.155276 0.154726 0.154364 0.154185 
-51.6756 -50.3271 -47.6996 -44.1531 -39.4966 -32.9772 -24.5015 -16.2762 -10.0353 -5.90321 -3.34815 -1.77963 -0.79786 -0.177179 0.207745 0.4441 0.584199 0.66078 0.69502 0.700977 0.688238 0.663413 0.631122 0.594677 0.557457 0.521058 0.486182 0.453201 0.422303 0.393563 0.366981 0.342511 0.320075 0.299574 0.280896 0.2639 0.248948 0.235717 0.223955 0.213463 0.204082 0.195679 0.188144 0.181382 0.175312 0.169862 0.16497 0.160582 0.156648 0.153126 0.149979 0.147173 0.144679 0.142473 0.140531 0.138835 0.137367 0.136114 0.135062 0.134202 0.133526 0.133025 0.132696 0.132533 
-51.1196 -49.7527 -47.0751 -43.4357 -38.7119 -32.2319 -23.8238 -15.648 -9.49761 -5.46663 -3.00507 -1.51195 -0.585627 -0.0190049 0.324944 0.528803 0.642772 0.698251 0.715436 0.707625 0.68386 0.650273 0.611092 0.569246 0.527749 0.488434 0.451609 0.417402 0.385831 0.35684 0.330327 0.306163 0.284206 0.264306 0.246327 0.230229 0.216373 0.204259 0.193571 0.184083 0.175628 0.168073 0.161309 0.155246 0.149809 0.144931 0.140555 0.136631 0.133116 0.129971 0.127161 0.124657 0.122433 0.120466 0.118734 0.117222 0.115914 0.114796 0.113858 0.113092 0.112488 0.112042 0.111747 0.111602 
-50.5624 -49.1793 -46.4551 -42.7205 -37.9136 -31.4539 -23.1036 -14.9676 -8.91494 -4.99494 -2.63599 -1.22651 -0.365333 0.143092 0.440706 0.608052 0.693171 0.725836 0.724847 0.702895 0.668161 0.626181 0.580708 0.534289 0.489452 0.448174 0.410327 0.375775 0.344352 0.315865 0.290108 0.266867 0.24594 0.22713 0.210231 0.195745 0.183364 0.172621 0.163194 0.154858 0.147448 0.140838 0.134926 0.129632 0.124886 0.12063 0.116815 0.113395 0.110333 0.107593 0.105147 0.102969 0.101034 0.0993222 0.0978166 0.0965015 0.0953636 0.0943916 0.0935759 0.0929086 0.0923831 0.0919942 0.0917379 0.091611 
-50.0049 -48.6077 -45.8411 -42.0101 -37.1042 -30.642 -22.3355 -14.2235 -8.27704 -4.48051 -2.23531 -0.918338 -0.138844 0.303569 0.549387 0.676381 0.730186 0.738314 0.718782 0.682822 0.637711 0.588261 0.537637 0.487911 0.441259 0.399397 0.361787 0.328038 0.2978 0.270739 0.246557 0.224943 0.205653 0.188457 0.173541 0.161092 0.150489 0.141321 0.133301 0.126228 0.11995 0.114357 0.109358 0.104884 0.100874 0.0972806 0.0940592 0.091173 0.0885891 0.0862788 0.0842166 0.0823802 0.0807497 0.079308 0.0780397 0.076932 0.0759734 0.0751544 0.0744669 0.0739042 0.0734608 0.0731325 0.072916 0.0728088 
-49.449 -48.0395 -45.235 -41.308 -36.2876 -29.7956 -21.514 -13.4001 -7.56999 -3.91434 -1.79959 -0.585217 0.0898124 0.455604 0.643235 0.725983 0.745979 0.729249 0.69153 0.642534 0.588511 0.533372 0.479545 0.428487 0.382251 0.341681 0.305939 0.274422 0.246616 0.222043 0.20036 0.181128 0.164117 0.149446 0.137304 0.127128 0.118465 0.11099 0.104464 0.0987174 0.093624 0.089089 0.0850387 0.0814144 0.0781678 0.0752582 0.0726508 0.0703154 0.0682252 0.066357 0.0646901 0.063206 0.0618888 0.0607242 0.0596999 0.0588053 0.058031 0.0573692 0.0568135 0.0563583 0.0559994 0.0557334 0.0555578 0.0554708 
-48.8976 -47.4775 -44.64 -40.6189 -35.4694 -28.916 -20.6337 -12.4765 -6.77372 -3.28324 -1.32397 -0.241653 0.313864 0.589826 0.711353 0.745647 0.731156 0.690154 0.635854 0.576325 0.516343 0.458647 0.40473 0.355397 0.312503 0.275595 0.243685 0.216049 0.192067 0.171063 0.152839 0.136675 0.123114 0.111919 0.102605 0.0947743 0.0881085 0.0823625 0.0773544 0.07295 0.06905 0.0655797 0.0624815 0.0597099 0.0572277 0.0550036 0.053011 0.0512268 0.0496305 0.0482043 0.0469321 0.0457999 0.0447953 0.0439073 0.0431263 0.0424442 0.0418537 0.0413489 0.0409247 0.0405769 0.0403024 0.0400986 0.0399638 0.0398969 
-48.3558 -46.9265 -44.0608 -39.9492 -34.6583 -28.0078 -19.6916 -11.424 -5.8586 -2.56906 -0.797665 0.0948498 0.509357 0.683939 0.73402 0.719257 0.671935 0.609995 0.543758 0.478876 0.418207 0.362984 0.313509 0.270375 0.234047 0.203485 0.177501 0.155384 0.136601 0.120073 0.106036 0.0946448 0.0851211 0.0772143 0.0706222 0.0650771 0.0603596 0.0562982 0.0527631 0.0496575 0.0469097 0.0444659 0.0422847 0.0403339 0.038587 0.0370221 0.0356205 0.0343659 0.0332439 0.0322418 0.0313484 0.0305535 0.0298485 0.0292254 0.0286775 0.0281989 0.0277845 0.0274301 0.027132 0.0268873 0.0266937 0.0265495 0.0264538 0.026406 
-47.8312 -46.3934 -43.5046 -39.3082 -33.8673 -27.0816 -18.6897 -10.205 -4.78043 -1.7587 -0.247024 0.395158 0.641842 0.70526 0.683521 0.62452 0.552172 0.478537 0.409957 0.348904 0.295793 0.250096 0.211339 0.178794 0.152157 0.13042 0.112104 0.096621 0.0837263 0.0734229 0.0647484 0.0576221 0.0517057 0.0467911 0.0426926 0.039247 0.0363191 0.0338018 0.0316132 0.0296921 0.0279932 0.0264825 0.0251344 0.0239287 0.0228492 0.0218824 0.0210167 0.0202421 0.0195497 0.0189316 0.0183808 0.017891 0.0174566 0.0170729 0.0167355 0.0164408 0.0161855 0.015967 0.015783 0.0156317 0.0155115 0.0154213 0.0153605 0.0153296 
-47.335 -45.8891 -42.9823 -38.7091 -33.116 -26.159 -17.6453 -8.77731 -3.46408 -0.841905 0.235219 0.579945 0.644511 0.602045 0.523803 0.440203 0.363236 0.296461 0.241703 0.197612 0.162006 0.133814 0.110893 0.0916565 0.0764275 0.064271 0.0547948 0.0471662 0.0407425 0.0355581 0.0312665 0.027736 0.0248183 0.0224004 0.0203874 0.0186979 0.0172646 0.0160337 0.0149643 0.0140258 0.0131958 0.0124576 0.0117986 0.0112092 0.0106814 0.0102088 0.00978583 0.00940751 0.00906952 0.00876796 0.00849937 0.00826065 0.00804905 0.00786215 0.00769784 0.00755428 0.0074299 0.00732334 0.00723347 0.00715927 0.00709983 0.00705426 0.00702189 0.00700318 
-46.8826 -45.428 -42.5083 -38.1692 -32.4327 -25.2829 -16.613 -7.13284 -1.79994 0.0083072 0.456947 0.491777 0.415872 0.323256 0.243062 0.181647 0.136578 0.101843 0.0779325 0.0611754 0.0486606 0.0391001 0.0316689 0.0263534 0.0218538 0.0181577 0.0153217 0.0131045 0.0112637 0.00977614 0.00855667 0.00755808 0.00673729 0.00606017 0.00549854 0.00502854 0.0046305 0.0042889 0.00399198 0.0037311 0.00350003 0.00329421 0.00311029 0.00294564 0.00279818 0.00266615 0.00254801 0.00244241 0.00234813 0.00226407 0.00218926 0.00212281 0.00206393 0.00201194 0.00196624 0.00192631 0.00189168 0.00186199 0.00183688 0.00181602 0.00179893 0.0017848 0.00177184 0.00175633 
