-61.3458 -58.9874 -55.9255 -52.3359 -48.5376 -44.7688 -41.1253 -37.6039 -34.1664 -30.7707 -27.3825 -23.9775 -20.5303 -17.0162 -13.4037 -9.65797 -5.76326 -1.97183 0.231342 0.779127 0.861608 0.786232 0.633089 0.463461 0.325775 0.214013 0.139151 0.0941196 0.0698145 0.057503 0.0496031 0.0434067 0.0381677 0.0337031 0.0299742 0.0269844 0.0247438 0.0232546 0.0225078 0.0224843 0.0231585 0.0244993 0.026346 0.0286637 0.0318934 0.0356309 0.039678 0.0438392 0.0489831 0.0549335 0.061602 0.0692758 0.0777752 0.0872154 0.09837 0.111455 0.126547 0.142992 0.158609 0.1712 0.176482 0.168741 0.142784 0.100298 
-74.4841 -71.2553 -66.6976 -61.1903 -55.347 -49.6617 -44.3653 -39.4877 -34.9791 -30.7681 -26.7896 -22.9965 -19.3395 -15.7791 -12.2702 -8.78346 -5.33212 -2.20019 -0.0849489 0.884523 1.21011 1.23683 1.13023 0.969105 0.791012 0.611702 0.463573 0.35409 0.273036 0.21997 0.184947 0.15909 0.139031 0.123192 0.110768 0.101364 0.0947879 0.0909265 0.0896959 0.091013 0.0947873 0.101029 0.109252 0.119034 0.131775 0.146492 0.163412 0.182468 0.202571 0.225167 0.25062 0.279609 0.311018 0.344368 0.380478 0.418472 0.457363 0.495561 0.529289 0.552413 0.557633 0.536516 0.483131 0.400858 
-83.5267 -80.0656 -74.7226 -67.9543 -60.608 -53.4311 -46.8138 -40.8427 -35.4763 -30.6249 -26.1937 -22.1167 -18.3174 -14.7481 -11.3529 -8.11968 -5.06365 -2.4265 -0.502529 0.659464 1.21503 1.38916 1.36759 1.24968 1.08939 0.918329 0.757612 0.625079 0.518857 0.435474 0.370777 0.321151 0.282896 0.253317 0.23075 0.214337 0.203627 0.198372 0.198412 0.203596 0.213668 0.228868 0.248763 0.272466 0.298804 0.329481 0.364863 0.404307 0.446483 0.493333 0.544446 0.602063 0.664315 0.73043 0.796248 0.859876 0.92018 0.973875 1.01599 1.03995 1.03605 0.993111 0.90176 0.762164 
-89.7109 -86.3124 -80.6115 -73.0311 -64.5803 -56.2413 -48.5707 -41.7204 -35.6703 -30.3193 -25.5441 -21.2667 -17.3779 -13.8304 -10.5517 -7.55903 -4.8449 -2.62931 -0.988838 0.24851 1.00116 1.33251 1.42045 1.3732 1.25708 1.11168 0.967976 0.842139 0.737065 0.642731 0.563232 0.498449 0.447103 0.407106 0.376859 0.355649 0.343077 0.338948 0.343167 0.355635 0.376279 0.40228 0.4341 0.471966 0.514973 0.563826 0.619362 0.681253 0.747663 0.816863 0.889278 0.964147 1.04292 1.12484 1.20918 1.29419 1.37729 1.45462 1.52048 1.56632 1.57891 1.53968 1.42644 1.22354 
-93.9128 -90.6968 -84.8794 -76.7783 -67.5029 -58.2472 -49.7349 -42.1823 -35.5951 -29.8642 -24.8343 -20.4268 -16.4911 -12.9968 -9.8414 -7.08729 -4.69927 -2.80413 -1.40567 -0.254445 0.608062 1.138 1.3487 1.3858 1.32927 1.22801 1.11544 1.00832 0.907964 0.81653 0.736323 0.669051 0.613595 0.569737 0.536756 0.514825 0.503965 0.504392 0.516443 0.537809 0.566065 0.601772 0.645799 0.697899 0.756906 0.821 0.888301 0.959803 1.03558 1.11608 1.20069 1.28872 1.38067 1.47638 1.57549 1.67688 1.77866 1.87794 1.9703 2.04843 2.09949 2.10092 2.01498 1.78914 
-96.7246 -93.728 -87.9275 -79.4981 -69.5991 -59.612 -50.4246 -42.3116 -35.3069 -29.2933 -24.0799 -19.6003 -15.6497 -12.2511 -9.27296 -6.73654 -4.61576 -2.95132 -1.69888 -0.691765 0.1706 0.823163 1.17714 1.31704 1.33378 1.28605 1.2106 1.12691 1.0423 0.961617 0.888165 0.824479 0.77163 0.729994 0.700285 0.682228 0.676719 0.684883 0.703684 0.731404 0.767206 0.811051 0.862135 0.920931 0.986579 1.05709 1.13155 1.2101 1.29291 1.38022 1.47163 1.56668 1.66535 1.76746 1.87262 1.97998 2.08822 2.19555 2.29957 2.39662 2.48006 2.53502 2.52307 2.34754 
-98.5614 -95.7798 -90.0635 -81.431 -71.053 -60.4748 -50.7439 -42.1857 -34.8621 -28.6457 -23.3087 -18.8098 -14.92 -11.6246 -8.82255 -6.48497 -4.57302 -3.06833 -1.91706 -1.00812 -0.190341 0.469825 0.947664 1.18856 1.28347 1.29457 1.26167 1.20787 1.14525 1.0811 1.0202 0.965921 0.920427 0.885114 0.861231 0.849885 0.851886 0.864819 0.886985 0.918118 0.957947 1.00598 1.06161 1.12523 1.19487 1.26909 1.34737 1.42957 1.51562 1.60543 1.6986 1.79457 1.89292 1.99305 2.09412 2.19486 2.29352 2.38794 2.47559 2.55376 2.6199 2.67192 2.70116 2.63688 
-99.7093 -97.1203 -91.5182 -82.7663 -72.0187 -60.9606 -50.7918 -41.882 -34.3202 -27.9573 -22.5922 -18.1036 -14.2898 -11.1097 -8.46669 -6.29832 -4.54707 -3.15495 -2.06767 -1.20314 -0.459332 0.176994 0.685683 1.01974 1.19271 1.26459 1.27741 1.2576 1.22083 1.17679 1.13181 1.09026 1.05521 1.02884 1.01288 1.00874 1.01569 1.03173 1.05687 1.09086 1.13339 1.18399 1.24222 1.30823 1.37979 1.45549 1.53491 1.61768 1.7035 1.79197 1.88244 1.97408 2.06594 2.15679 2.24495 2.3281 2.40309 2.46568 2.51014 2.52857 2.50943 2.43598 2.27953 1.99261 
-100.375 -97.946 -92.4662 -83.6498 -72.6163 -61.168 -50.6475 -41.4627 -33.7456 -27.3064 -21.9402 -17.4877 -13.7555 -10.6862 -8.18593 -6.15229 -4.5149 -3.20826 -2.16683 -1.33006 -0.63584 -0.037896 0.45673 0.841711 1.07959 1.20837 1.26663 1.28218 1.27305 1.25094 1.22365 1.19657 1.17353 1.15729 1.14985 1.15231 1.1632 1.18263 1.21062 1.247 1.29145 1.34358 1.40294 1.46933 1.54111 1.61645 1.69483 1.77569 1.85847 1.94247 2.02672 2.10999 2.19074 2.26696 2.336 2.39422 2.43665 2.45632 2.44333 2.38289 2.25005 2.00484 1.55608 0.893948 
-100.703 -98.3994 -93.0376 -84.1933 -72.9414 -61.1797 -50.3774 -41.0129 -33.1874 -26.7076 -21.3605 -16.9576 -13.3024 -10.3459 -7.95729 -6.02486 -4.47 -3.22432 -2.22417 -1.40995 -0.748208 -0.18149 0.294486 0.679012 0.960999 1.13812 1.23807 1.28779 1.30622 1.30643 1.29739 1.28538 1.27487 1.26904 1.27014 1.27817 1.29352 1.31651 1.34725 1.38566 1.43149 1.48435 1.54379 1.60927 1.67963 1.75314 1.82883 1.90587 1.98351 2.06075 2.13628 2.2084 2.27497 2.33326 2.3796 2.4091 2.41505 2.38795 2.31426 2.17442 1.93122 1.53996 0.955894 0.379804 
-100.797 -98.5908 -93.3298 -84.4816 -73.0649 -61.0681 -50.0543 -40.5627 -32.6662 -26.1711 -20.8538 -16.504 -12.9289 -10.0667 -7.76342 -5.90602 -4.41148 -3.21045 -2.243 -1.45311 -0.814324 -0.273421 0.183302 0.55963 0.856547 1.06504 1.20001 1.28059 1.32488 1.34658 1.35536 1.3582 1.36003 1.36439 1.37308 1.38699 1.40696 1.43351 1.46685 1.50699 1.55373 1.60671 1.66545 1.72926 1.79705 1.86735 1.93917 2.01104 2.08208 2.15102 2.21621 2.27548 2.32617 2.36483 2.38689 2.38634 2.35503 2.28127 2.1479 1.93212 1.59708 1.11622 0.540357 0.147597 
-100.726 -98.5967 -93.422 -84.5836 -73.0518 -60.8832 -49.715 -40.1335 -32.1934 -25.6986 -20.4152 -16.1201 -12.6221 -9.83244 -7.5939 -5.79204 -4.34191 -3.17395 -2.23192 -1.46648 -0.846207 -0.325944 0.113496 0.479707 0.776507 1.00167 1.16053 1.26628 1.3335 1.37483 1.40024 1.41705 1.43054 1.4442 1.46019 1.47994 1.50447 1.53443 1.57016 1.61173 1.65899 1.71162 1.76908 1.83064 1.89523 1.96153 2.02832 2.09411 2.15764 2.21736 2.27131 2.31685 2.35088 2.36931 2.36672 2.33605 2.26775 2.14855 1.95956 1.6767 1.2784 0.782819 0.305971 0.0267207 
-100.538 -98.4728 -93.374 -84.5562 -72.9486 -60.6573 -49.3789 -39.736 -31.7724 -25.2873 -20.0386 -15.7969 -12.3673 -9.63318 -7.44342 -5.68261 -4.26535 -3.12185 -2.20134 -1.45688 -0.851837 -0.348132 0.0758682 0.430783 0.722623 0.95403 1.1272 1.25087 1.33634 1.39454 1.43474 1.46416 1.48814 1.51034 1.53324 1.5585 1.58732 1.62044 1.65829 1.701 1.74845 1.80034 1.85612 1.91502 1.97598 2.03774 2.09894 2.15805 2.21351 2.2635 2.30572 2.33722 2.35436 2.35249 2.32545 2.26527 2.16122 1.99935 1.76023 1.4308 1.01232 0.549591 0.17396 -0.0347006 
-100.27 -98.2589 -93.2295 -84.4416 -72.789 -60.4126 -49.0575 -39.3746 -31.4009 -24.9312 -19.7168 -15.5232 -12.1517 -9.46232 -7.30928 -5.57886 -4.18574 -3.06274 -2.15897 -1.42972 -0.837308 -0.347128 0.063176 0.406712 0.691496 0.922943 1.1032 1.23843 1.33729 1.40888 1.46144 1.50173 1.53494 1.5648 1.59396 1.62426 1.65695 1.69289 1.73254 1.77609 1.82344 1.87429 1.92809 1.98405 2.04113 2.09804 2.15335 2.20546 2.25257 2.29261 2.32298 2.34039 2.34076 2.31889 2.26797 2.17937 2.04152 1.8407 1.56616 1.21354 0.80378 0.402838 0.100164 -0.0620495 
-99.9479 -97.984 -93.0199 -84.2699 -72.5955 -60.1623 -48.7556 -39.0488 -31.0742 -24.6232 -19.4416 -15.2901 -11.966 -9.31352 -7.18978 -5.48284 -4.10817 -3.00051 -2.10912 -1.39079 -0.80835 -0.329174 0.0691995 0.401917 0.678829 0.906812 1.08921 1.23095 1.33883 1.42035 1.48266 1.53188 1.5729 1.6094 1.64404 1.67874 1.71482 1.75316 1.79427 1.83835 1.88533 1.93491 1.98653 2.03938 2.0924 2.14432 2.19362 2.23859 2.27728 2.30735 2.32593 2.32942 2.3133 2.27197 2.19799 2.08226 1.91485 1.68557 1.38939 1.03363 0.65091 0.311792 0.0632043 -0.0672545 
-99.5894 -97.6683 -92.7671 -84.0616 -72.3834 -59.9149 -48.4749 -38.7554 -30.7863 -24.3555 -19.2045 -15.0898 -11.8042 -9.18267 -7.08312 -5.39499 -4.03469 -2.93827 -2.05565 -1.34489 -0.769923 -0.299606 0.0886174 0.411468 0.680312 0.903133 1.08448 1.22898 1.34228 1.43064 1.5002 1.5564 1.60375 1.64574 1.685 1.72341 1.76232 1.80261 1.8448 1.88911 1.93548 1.98359 2.03286 2.0825 2.13141 2.17828 2.22155 2.2594 2.2897 2.3099 2.31689 2.30675 2.27456 2.21434 2.11894 1.98 1.78916 1.54043 1.2356 0.891642 0.546774 0.257058 0.0496679 -0.0577525 
-99.2071 -97.3258 -92.4863 -83.8309 -72.1625 -59.6742 -48.2143 -38.4903 -30.5309 -24.121 -18.9981 -14.9155 -11.662 -9.06663 -6.98758 -5.31509 -3.96628 -2.8782 -2.00163 -1.29589 -0.726118 -0.262872 0.116954 0.431122 0.692209 0.909159 1.08754 1.23216 1.34809 1.44069 1.51528 1.57663 1.62886 1.67521 1.71816 1.75955 1.8007 1.84247 1.88537 1.92962 1.97515 2.02161 2.06844 2.11479 2.15958 2.20142 2.23871 2.26952 2.29155 2.30206 2.29768 2.2743 2.22694 2.14955 2.03535 1.87721 1.66919 1.40978 1.10699 0.783767 0.478615 0.228534 0.0525672 -0.0377188 
-98.8095 -96.9659 -92.1875 -83.5867 -71.9384 -59.4423 -47.9719 -38.249 -30.3019 -23.9128 -18.8159 -14.7615 -11.5355 -8.96274 -6.90156 -5.24254 -3.90331 -2.82165 -1.94927 -1.24673 -0.680357 -0.222534 0.150584 0.457364 0.71136 0.922269 1.09662 1.23964 1.35615 1.45093 1.52864 1.59357 1.64933 1.69892 1.74466 1.7883 1.83108 1.87386 1.91711 1.96101 2.00548 2.05016 2.09445 2.13749 2.17815 2.21503 2.24642 2.2703 2.28427 2.2854 2.27018 2.23441 2.17308 2.08044 1.95041 1.77744 1.55848 1.2963 1.00367 0.70543 0.435934 0.218479 0.0671919 -0.00993189 
-98.4022 -96.5949 -91.8774 -83.3347 -71.7146 -59.2191 -47.7451 -38.0272 -30.094 -23.7252 -18.6524 -14.6233 -11.4212 -8.86866 -6.8235 -5.17655 -3.84574 -2.76939 -1.90005 -1.19948 -0.63539 -0.181321 0.18664 0.487323 0.735081 0.94012 1.10998 1.25032 1.36596 1.46138 1.54075 1.60784 1.66593 1.71774 1.76542 1.8106 1.85446 1.89778 1.941 1.98428 2.0275 2.07027 2.11196 2.15168 2.18826 2.22025 2.24589 2.26308 2.26928 2.2615 2.23612 2.18894 2.11512 2.00939 1.86669 1.68334 1.45919 1.20067 0.923324 0.651305 0.412242 0.221779 0.0903429 0.0236398 
-97.9888 -96.2168 -91.56 -83.0786 -71.4926 -59.004 -47.5313 -37.8209 -29.9024 -23.5535 -18.5032 -14.4971 -11.3166 -8.78233 -6.75197 -5.11625 -3.79326 -2.72172 -1.85488 -1.1556 -0.592945 -0.141335 0.222856 0.518687 0.761052 0.960713 1.12601 1.26313 1.377 1.47191 1.5517 1.6198 1.67918 1.73232 1.78117 1.82726 1.87167 1.9151 1.95796 2.00036 2.04214 2.08288 2.12192 2.15833 2.1909 2.21814 2.23824 2.24901 2.24786 2.23172 2.19698 2.13954 2.05487 1.93838 1.78623 1.59673 1.37239 1.12224 0.862901 0.61621 0.403094 0.23509 0.119888 0.0616208 
-97.5714 -95.8339 -91.2381 -82.8203 -71.273 -58.7959 -47.3277 -37.6267 -29.7233 -23.3937 -18.3646 -14.3798 -11.2191 -8.70201 -6.68566 -5.06075 -3.74539 -2.67857 -1.81415 -1.11592 -0.554163 -0.10406 0.257515 0.54961 0.787467 0.982407 1.1434 1.27707 1.38857 1.48215 1.56145 1.62965 1.68946 1.74315 1.79252 1.83894 1.88341 1.92657 1.96877 2.01005 2.05023 2.08885 2.12521 2.15834 2.18701 2.20967 2.22446 2.22915 2.22111 2.19726 2.15407 2.08762 1.99384 1.86897 1.71054 1.51872 1.2982 1.05962 0.81924 0.595916 0.405215 0.256098 0.154358 0.103036 
-97.1512 -95.4478 -90.913 -82.5608 -71.0558 -58.5936 -47.1323 -37.4416 -29.5535 -23.2425 -18.2337 -14.269 -11.127 -8.6262 -6.62342 -5.00918 -3.70155 -2.63969 -1.77792 -1.08081 -0.519694 -0.0704513 0.289423 0.578784 0.812987 1.0039 1.16095 1.29119 1.40002 1.49172 1.56987 1.63746 1.69702 1.75062 1.79993 1.84619 1.89031 1.93285 1.9741 2.01407 2.05251 2.08894 2.12261 2.15253 2.17741 2.19568 2.20544 2.20443 2.19002 2.15917 2.10849 2.03436 1.93327 1.8024 1.64061 1.44977 1.23615 1.011 0.789438 0.587275 0.416097 0.283065 0.192654 0.147142 
-96.729 -95.0593 -90.5856 -82.3006 -70.8406 -58.3958 -46.943 -37.2633 -29.3905 -23.0977 -18.1082 -14.1628 -11.0387 -8.55369 -6.56428 -4.96075 -3.66113 -2.60465 -1.74594 -1.05024 -0.48977 -0.0410353 0.317789 0.605232 0.836598 1.02417 1.17773 1.3047 1.41074 1.50026 1.57679 1.64325 1.70201 1.75502 1.80379 1.84948 1.89288 1.93451 1.97459 2.01306 2.04966 2.08384 2.11483 2.1416 2.16284 2.17694 2.18197 2.17568 2.15546 2.11836 2.06121 1.98078 1.87418 1.73956 1.57705 1.38989 1.18533 0.974563 0.771068 0.587846 0.433792 0.31464 0.233906 0.193332 
-96.3051 -94.6687 -90.2563 -82.0398 -70.6271 -58.2016 -46.7581 -37.0898 -29.2321 -22.9571 -17.9865 -14.0597 -10.9529 -8.48351 -6.50742 -4.91479 -3.62353 -2.5729 -1.7178 -1.02397 -0.464338 -0.0159891 0.342189 0.628313 0.857612 1.04245 1.19299 1.31695 1.42025 1.50743 1.58207 1.64702 1.70458 1.75657 1.80443 1.84919 1.89158 1.93205 1.97075 2.00759 2.04225 2.07416 2.10251 2.12622 2.14396 2.15412 2.15475 2.14362 2.11818 2.07563 2.01307 1.9277 1.81733 1.68105 1.52009 1.33871 1.14465 0.948508 0.76203 0.59579 0.456833 0.349777 0.277413 0.241091 
-95.8796 -94.2763 -89.9253 -81.7783 -70.4148 -58.0098 -46.5765 -36.9197 -29.0769 -22.8193 -17.8671 -13.9585 -10.8689 -8.41488 -6.45217 -4.87068 -3.58818 -2.54394 -1.69306 -1.00162 -0.443138 0.00478171 0.36254 0.647781 0.875505 1.05819 1.20617 1.32745 1.42815 1.51296 1.58554 1.64874 1.7048 1.75548 1.80211 1.84566 1.8868 1.9259 1.96307 1.99817 2.03083 2.06045 2.08619 2.10695 2.12138 2.12783 2.12441 2.1089 2.07886 2.03168 1.96476 1.8758 1.76331 1.62722 1.46969 1.29566 1.11292 0.931209 0.76059 0.609628 0.484064 0.387639 0.322589 0.289972 
-95.4525 -93.882 -89.5924 -81.516 -70.2031 -57.8197 -46.3969 -36.7517 -28.9238 -22.6833 -17.7493 -13.8586 -10.7858 -8.3472 -6.39799 -4.8279 -3.55457 -2.51728 -1.67121 -0.982747 -0.425783 0.021517 0.378909 0.663531 0.890072 1.07107 1.21694 1.33586 1.43415 1.51666 1.58712 1.64842 1.70278 1.75191 1.79708 1.83921 1.8789 1.91647 1.95197 1.98524 2.01586 2.04321 2.0664 2.08432 2.09561 2.09863 2.09151 2.0721 2.0381 1.98711 1.91688 1.82562 1.71249 1.5782 1.42561 1.26002 1.08897 0.921228 0.765313 0.628155 0.514547 0.427537 0.368933 0.339573 
-95.0237 -93.4859 -89.2577 -81.2526 -69.9917 -57.6307 -46.2187 -36.585 -28.7718 -22.5483 -17.6321 -13.7591 -10.7033 -8.28003 -6.34446 -4.78603 -3.52228 -2.49245 -1.65178 -0.966838 -0.411865 0.0345382 0.391496 0.675631 0.901284 1.08096 1.22509 1.34197 1.43808 1.51839 1.58675 1.64607 1.6986 1.74602 1.78957 1.83011 1.86819 1.9041 1.93785 1.96922 1.99779 2.02287 2.04359 2.0588 2.06715 2.06702 2.05656 2.03375 1.99642 1.94243 1.8699 1.77754 1.66512 1.53399 1.38747 1.23102 1.07171 0.91731 0.774997 0.650369 0.547494 0.468876 0.415994 0.389519 
-94.5932 -93.0877 -88.9209 -80.9879 -69.7803 -57.4423 -46.0412 -36.419 -28.6203 -22.4136 -17.5151 -13.6599 -10.6208 -8.21301 -6.29124 -4.74475 -3.49095 -2.46904 -1.63429 -0.953428 -0.400922 0.0442441 0.400605 0.684276 0.909238 1.08788 1.23058 1.3457 1.43984 1.5181 1.5844 1.64174 1.69238 1.73799 1.77979 1.81861 1.85498 1.88913 1.92105 1.95049 1.97699 1.99986 2.01818 2.03083 2.03644 2.03343 2.02003 1.99431 1.95428 1.8981 1.82423 1.73187 1.62132 1.49443 1.35483 1.20788 1.06013 0.918362 0.78862 0.675434 0.582234 0.511134 0.463362 0.43946 
-94.1607 -92.6874 -88.5821 -80.7218 -69.5684 -57.2541 -45.864 -36.2531 -28.4689 -22.2788 -17.3981 -13.5604 -10.5382 -8.14592 -6.2381 -4.70378 -3.46026 -2.44669 -1.61836 -0.942072 -0.392493 0.0510638 0.406598 0.689746 0.914123 1.09193 1.23345 1.34706 1.43943 1.51578 1.58012 1.6355 1.68422 1.72796 1.76793 1.80496 1.83954 1.87187 1.90191 1.9294 1.95385 1.97454 1.99057 2.0008 2.00388 1.99829 1.98233 1.95419 1.91211 1.85448 1.78017 1.68879 1.5811 1.45931 1.32718 1.18987 1.05332 0.923435 0.805309 0.702624 0.618164 0.553833 0.510653 0.489059 
-93.7263 -92.2849 -88.241 -80.454 -69.3559 -57.0658 -45.6867 -36.0871 -28.3171 -22.1437 -17.2806 -13.4606 -10.4552 -8.07857 -6.18485 -4.66291 -3.42996 -2.42509 -1.60361 -0.932351 -0.386138 0.0554277 0.409867 0.692369 0.91619 1.09328 1.2338 1.3461 1.4369 1.51149 1.57397 1.62744 1.67425 1.7161 1.75422 1.7894 1.82213 1.85259 1.88074 1.90627 1.92869 1.94728 1.96111 1.96908 1.96986 1.96198 1.94384 1.91378 1.87024 1.81189 1.73795 1.64841 1.54439 1.42833 1.30402 1.17628 1.05047 0.931702 0.824281 0.731309 0.654744 0.596547 0.557513 0.537999 
-93.2899 -91.8802 -87.8975 -80.1845 -69.1427 -56.8772 -45.5091 -35.9207 -28.165 -22.0081 -17.1626 -13.3602 -10.3718 -8.01085 -6.13134 -4.62197 -3.39983 -2.40398 -1.5897 -0.923888 -0.381446 0.0577511 0.410806 0.692492 0.915724 1.09217 1.23181 1.34296 1.43236 1.50533 1.56605 1.61769 1.66262 1.70259 1.73883 1.77214 1.803 1.83158 1.85782 1.88141 1.90184 1.91839 1.93015 1.93602 1.93472 1.92486 1.90492 1.87342 1.82899 1.77059 1.69774 1.61077 1.51106 1.40119 1.28484 1.16649 1.05088 0.94247 0.844894 0.760753 0.691543 0.638905 0.603614 0.585977 
-92.8513 -91.4731 -87.5517 -79.913 -68.9285 -56.6881 -45.3311 -35.7537 -28.0122 -21.8719 -17.044 -13.2593 -10.2878 -7.94266 -6.07749 -4.58083 -3.36971 -2.38313 -1.57637 -0.916344 -0.378047 0.0584231 0.409795 0.690469 0.913028 1.08883 1.22769 1.33781 1.42593 1.49742 1.55649 1.60637 1.64949 1.68761 1.72198 1.75342 1.7824 1.8091 1.83344 1.85511 1.8736 1.8882 1.898 1.90194 1.89879 1.88723 1.86587 1.83338 1.78861 1.73077 1.65965 1.57585 1.48095 1.37756 1.26918 1.1599 1.05394 0.955122 0.866554 0.790448 0.72814 0.680523 0.64863 0.6327 
-92.4106 -91.0637 -87.2033 -79.6395 -68.7132 -56.4984 -45.1524 -35.586 -27.8586 -21.7349 -16.9247 -13.1577 -10.2032 -7.87396 -6.0232 -4.53939 -3.33944 -2.36234 -1.56336 -0.909427 -0.375608 0.057799 0.407196 0.68664 0.908408 1.08354 1.22164 1.33083 1.41778 1.48791 1.54544 1.59365 1.63501 1.67132 1.70385 1.73343 1.76055 1.78538 1.80784 1.82764 1.84425 1.85698 1.86496 1.86714 1.86237 1.84941 1.82699 1.79395 1.74933 1.69258 1.62373 1.54359 1.45385 1.35707 1.25655 1.15599 1.05909 0.96915 0.888826 0.820008 0.763886 0.721113 0.692283 0.677906 
-91.9677 -90.6518 -86.8523 -79.364 -68.4969 -56.308 -44.9731 -35.4176 -27.7043 -21.5971 -16.8047 -13.0555 -10.1181 -7.80471 -5.96845 -4.49757 -3.30892 -2.34146 -1.55046 -0.902888 -0.373839 0.056197 0.403337 0.68133 0.902162 1.07656 1.21391 1.32222 1.4081 1.47695 1.53304 1.57967 1.61935 1.65391 1.68464 1.7124 1.73768 1.76067 1.7813 1.79926 1.81407 1.82503 1.83131 1.83191 1.82575 1.81166 1.78853 1.75533 1.71131 1.65612 1.58999 1.51388 1.42951 1.33938 1.24653 1.15427 1.06585 0.984114 0.91133 0.849118 0.798514 0.760115 0.734319 0.721352 
-91.5226 -90.2374 -86.4986 -79.0862 -68.2794 -56.117 -44.793 -35.2484 -27.5492 -21.4586 -16.6839 -12.9525 -10.0323 -7.73489 -5.91318 -4.45531 -3.27806 -2.32037 -1.53753 -0.896514 -0.372492 0.0538964 0.398516 0.674837 0.894574 1.06815 1.20473 1.31219 1.39707 1.46474 1.51947 1.56461 1.60268 1.63555 1.66454 1.69052 1.71401 1.7352 1.75403 1.77022 1.7833 1.7926 1.79731 1.79651 1.78917 1.77423 1.7507 1.71772 1.67469 1.62145 1.5584 1.48657 1.4077 1.32415 1.2387 1.1543 1.07378 0.999611 0.933727 0.877522 0.831897 0.797379 0.774263 0.762691 
-91.0752 -89.8205 -86.1422 -78.8062 -68.0606 -55.9252 -44.6121 -35.0783 -27.3932 -21.3192 -16.5624 -12.8489 -9.94587 -7.6645 -5.85738 -4.41256 -3.24679 -2.29896 -1.52441 -0.890135 -0.371357 0.0511382 0.392994 0.667429 0.885906 1.05855 1.19433 1.30094 1.38487 1.45143 1.50489 1.54862 1.58516 1.61641 1.64372 1.66798 1.68972 1.70916 1.72626 1.74076 1.75219 1.75993 1.76322 1.76118 1.75287 1.73734 1.71371 1.68126 1.63956 1.5886 1.52888 1.4615 1.38814 1.31102 1.23265 1.15565 1.08248 1.01527 0.955691 0.904945 0.863812 0.83275 0.811995 0.801632 
-90.6256 -89.401 -85.7831 -78.5239 -67.8405 -55.7326 -44.4305 -34.9074 -27.2364 -21.1791 -16.4401 -12.7446 -9.85884 -7.59353 -5.80103 -4.3693 -3.21506 -2.27716 -1.511 -0.88361 -0.370261 0.0481267 0.387 0.659348 0.876398 1.04801 1.18292 1.28869 1.37169 1.43719 1.48946 1.53186 1.56695 1.59666 1.62235 1.64496 1.66502 1.68277 1.6982 1.71107 1.72095 1.72725 1.72925 1.72615 1.71707 1.70118 1.67771 1.64608 1.60599 1.55755 1.50134 1.43847 1.37057 1.29967 1.22802 1.15794 1.09157 1.03075 0.976929 0.931133 0.894048 0.866073 0.847403 0.838093 
-90.1737 -88.979 -85.4212 -78.2391 -67.6191 -55.5392 -44.2481 -34.7356 -27.0787 -21.0382 -16.3172 -12.6397 -9.77121 -7.52199 -5.74414 -4.32552 -3.18283 -2.25492 -1.49723 -0.87683 -0.369064 0.0450319 0.380727 0.650801 0.866265 1.03672 1.17071 1.27561 1.3577 1.4222 1.47335 1.51448 1.5482 1.57644 1.6006 1.62162 1.64007 1.65621 1.67004 1.68137 1.68979 1.69475 1.69561 1.6916 1.68195 1.66591 1.64283 1.61225 1.57399 1.52825 1.47565 1.4173 1.35473 1.28977 1.22447 1.16083 1.10074 1.04577 0.997186 0.955877 0.922442 0.897232 0.880415 0.872034 
-89.7196 -88.5544 -85.0564 -77.952 -67.3963 -55.345 -44.0649 -34.563 -26.9202 -20.8964 -16.1935 -12.5341 -9.68297 -7.44988 -5.6867 -4.28121 -3.15008 -2.2322 -1.48302 -0.86971 -0.367653 0.0419931 0.374337 0.641968 0.855695 1.02489 1.15787 1.26188 1.34308 1.40662 1.45669 1.49664 1.52906 1.55592 1.57861 1.59812 1.61503 1.62963 1.64196 1.65183 1.65889 1.66264 1.66247 1.65771 1.64766 1.63166 1.60918 1.57984 1.54357 1.50063 1.45169 1.39779 1.34035 1.28105 1.22168 1.16402 1.1097 1.06008 1.01626 0.979014 0.948873 0.926148 0.91099 0.903435 
-89.2632 -88.1272 -84.6888 -77.6624 -67.1721 -55.15 -43.8809 -34.3896 -26.7608 -20.7539 -16.0691 -12.4279 -9.59415 -7.37722 -5.62872 -4.23636 -3.1168 -2.20896 -1.46835 -0.862187 -0.365941 0.0391219 0.367965 0.633002 0.84485 1.01267 1.14458 1.24766 1.32797 1.39057 1.43962 1.47845 1.50966 1.53521 1.55652 1.5746 1.59005 1.6032 1.6141 1.62261 1.62841 1.63106 1.63 1.62464 1.61434 1.59855 1.57681 1.54886 1.51469 1.47462 1.42929 1.37972 1.3272 1.27322 1.21939 1.16725 1.11822 1.07348 1.03399 1.00042 0.973258 0.952773 0.939107 0.932295 
-88.8046 -87.6975 -84.3182 -77.3702 -66.9465 -54.9542 -43.6961 -34.2152 -26.6006 -20.6106 -15.944 -12.321 -9.50475 -7.30402 -5.57022 -4.19097 -3.08298 -2.18522 -1.45318 -0.854216 -0.363863 0.0365053 0.361718 0.624026 0.833869 1.0002 1.13097 1.23309 1.3125 1.37419 1.42228 1.46005 1.49011 1.51443 1.53445 1.55118 1.56526 1.57704 1.58661 1.59385 1.5985 1.60016 1.59834 1.59249 1.58208 1.56664 1.54578 1.51932 1.48732 1.45011 1.40833 1.36292 1.31505 1.26606 1.21736 1.1703 1.1261 1.08581 1.05025 1.02002 0.995549 0.977088 0.964767 0.958625 
-88.3437 -87.2651 -83.9447 -77.0754 -66.7194 -54.7575 -43.5104 -34.04 -26.4395 -20.4665 -15.8182 -12.2135 -9.41479 -7.23028 -5.51119 -4.14507 -3.04865 -2.16094 -1.4375 -0.845769 -0.361374 0.0342087 0.355682 0.615143 0.822869 0.987626 1.11718 1.2183 1.29681 1.35761 1.40476 1.44154 1.47053 1.49369 1.5125 1.52797 1.54077 1.55127 1.55959 1.56567 1.56927 1.57005 1.56757 1.56137 1.55098 1.53599 1.5161 1.49121 1.46139 1.42699 1.38864 1.34719 1.3037 1.25936 1.21539 1.17298 1.1332 1.09695 1.06496 1.03776 1.01572 0.999094 0.987991 0.982454 
-87.8805 -86.83 -83.5681 -76.7779 -66.4909 -54.56 -43.324 -33.864 -26.2776 -20.3216 -15.6917 -12.1054 -9.32428 -7.15603 -5.45166 -4.09866 -3.01379 -2.13614 -1.4213 -0.836832 -0.358444 0.0322804 0.349922 0.606438 0.811941 0.975033 1.10331 1.20339 1.28099 1.34091 1.38718 1.42301 1.45099 1.47308 1.49076 1.50505 1.51666 1.52597 1.53315 1.53816 1.54082 1.54082 1.5378 1.53135 1.52107 1.50662 1.48778 1.46447 1.43681 1.40516 1.37009 1.33237 1.29297 1.25293 1.21331 1.17516 1.1394 1.10683 1.07807 1.05361 1.03379 1.01882 1.00882 1.00383 
-87.415 -86.3923 -83.1885 -76.4777 -66.2607 -54.3617 -43.1367 -33.687 -26.1148 -20.176 -15.5645 -11.9968 -9.23323 -7.08129 -5.39164 -4.05176 -2.97843 -2.11082 -1.40459 -0.827399 -0.355054 0.0307544 0.34449 0.597971 0.801161 0.962508 1.08945 1.18846 1.26513 1.3242 1.3696 1.40455 1.43158 1.45268 1.4693 1.48251 1.49301 1.50124 1.50737 1.51141 1.51322 1.51255 1.50908 1.50247 1.49239 1.47855 1.46079 1.43906 1.41352 1.3845 1.35253 1.31832 1.28271 1.24662 1.211 1.17673 1.14462 1.11538 1.08956 1.06758 1.04976 1.03629 1.02729 1.0228 
-86.9473 -85.952 -82.8058 -76.1747 -66.0291 -54.1626 -42.9486 -33.5092 -25.9512 -20.0295 -15.4366 -11.8875 -9.14166 -7.00605 -5.33115 -4.00439 -2.94258 -2.08499 -1.38738 -0.817471 -0.351194 0.029651 0.339417 0.58979 0.790589 0.950122 1.07567 1.17357 1.24931 1.30753 1.35211 1.38621 1.41237 1.43253 1.44819 1.4604 1.46989 1.47711 1.48229 1.48545 1.48651 1.48526 1.48144 1.47476 1.46494 1.45176 1.43508 1.41492 1.39141 1.36489 1.33584 1.30488 1.27278 1.24032 1.20833 1.17759 1.14881 1.12258 1.09942 1.0797 1.06369 1.05159 1.04349 1.03945 
-86.4774 -85.5089 -82.4199 -75.8688 -65.7958 -53.9626 -42.7597 -33.3305 -25.7867 -19.8823 -15.3081 -11.7776 -9.04957 -6.93034 -5.27021 -3.95655 -2.90626 -2.05869 -1.36968 -0.807055 -0.346864 0.0289809 0.334724 0.581927 0.78027 0.937928 1.06203 1.1588 1.23359 1.29097 1.33475 1.36806 1.39339 1.4127 1.42746 1.43876 1.44733 1.45364 1.45796 1.46034 1.46074 1.459 1.45491 1.44822 1.43871 1.42621 1.41062 1.39197 1.37041 1.34624 1.3199 1.29196 1.26306 1.23392 1.20524 1.1777 1.15192 1.12844 1.10768 1.08999 1.07563 1.06476 1.05749 1.05386 
-86.0052 -85.0632 -82.0309 -75.56 -65.5608 -53.7618 -42.57 -33.151 -25.6213 -19.7343 -15.1788 -11.6672 -8.95697 -6.85417 -5.20882 -3.90828 -2.8695 -2.03191 -1.35152 -0.796162 -0.34207 0.0287456 0.330424 0.574406 0.770237 0.925966 1.04859 1.14419 1.21802 1.27457 1.31758 1.35013 1.3747 1.39321 1.40716 1.41762 1.42535 1.43085 1.4344 1.43609 1.43592 1.43377 1.42947 1.42283 1.41367 1.40186 1.38734 1.37013 1.35041 1.32843 1.30461 1.27943 1.25348 1.22735 1.20167 1.17703 1.15397 1.13295 1.11437 1.09853 1.08565 1.0759 1.06938 1.06612 
-85.5308 -84.6148 -81.6386 -75.2482 -65.3241 -53.5601 -42.3795 -32.9705 -25.4551 -19.5856 -15.0489 -11.5561 -8.86388 -6.77755 -5.14702 -3.85959 -2.8323 -2.0047 -1.33289 -0.784812 -0.336828 0.0289386 0.32652 0.567238 0.760511 0.914265 1.03536 1.12977 1.20264 1.25836 1.30062 1.33246 1.35631 1.3741 1.3873 1.397 1.40398 1.40875 1.41161 1.4127 1.41204 1.40955 1.40511 1.39857 1.38978 1.37866 1.36516 1.34933 1.33132 1.31139 1.28987 1.26723 1.24394 1.22054 1.19758 1.17556 1.15495 1.13616 1.11954 1.10537 1.09384 1.0851 1.07926 1.07633 
-85.0541 -84.1637 -81.2431 -74.9333 -65.0857 -53.3576 -42.1882 -32.7892 -25.288 -19.436 -14.9184 -11.4445 -8.7703 -6.7005 -5.0848 -3.8105 -2.7947 -1.97707 -1.31383 -0.773021 -0.33115 0.029551 0.323009 0.560429 0.751105 0.902845 1.02239 1.11558 1.18748 1.24238 1.28392 1.31507 1.33825 1.35537 1.3679 1.37692 1.38322 1.38734 1.3896 1.39016 1.38908 1.38632 1.38179 1.37538 1.36699 1.35654 1.34402 1.32948 1.31307 1.295 1.27561 1.25526 1.23439 1.21347 1.19295 1.17328 1.15488 1.13811 1.12326 1.11059 1.10027 1.09246 1.08722 1.0846 
-84.5752 -83.7099 -80.8443 -74.6153 -64.8455 -53.1542 -41.996 -32.6069 -25.12 -19.2856 -14.7871 -11.3324 -8.67624 -6.62302 -5.02219 -3.76103 -2.75671 -1.94903 -1.29434 -0.76081 -0.325054 0.0305715 0.319886 0.55398 0.742027 0.89172 1.00968 1.10164 1.17255 1.22664 1.26747 1.29798 1.32054 1.33704 1.34895 1.35736 1.36306 1.3666 1.36833 1.36845 1.36702 1.36405 1.35947 1.35323 1.34523 1.33543 1.32383 1.3105 1.29555 1.27921 1.26174 1.24347 1.22479 1.20609 1.18777 1.17023 1.15381 1.13884 1.12559 1.11427 1.10505 1.09807 1.09338 1.09104 
-84.0941 -83.2534 -80.4421 -74.2941 -64.6035 -52.9499 -41.803 -32.4238 -24.9512 -19.1345 -14.6552 -11.2196 -8.5817 -6.54513 -4.95921 -3.71119 -2.71835 -1.92061 -1.27446 -0.748201 -0.318556 0.0319868 0.317143 0.547887 0.733277 0.880895 0.997244 1.08795 1.15787 1.21116 1.2513 1.28118 1.30316 1.3191 1.33046 1.33832 1.34349 1.34652 1.3478 1.34752 1.34581 1.34268 1.3381 1.33204 1.32443 1.31526 1.30453 1.2923 1.27871 1.26393 1.2482 1.23181 1.21509 1.19839 1.18205 1.1664 1.15177 1.13842 1.1266 1.1165 1.10828 1.10204 1.09785 1.09576 
-83.6108 -82.7941 -80.0365 -73.9695 -64.3595 -52.7448 -41.6091 -32.2397 -24.7814 -18.9825 -14.5225 -11.1063 -8.48669 -6.46684 -4.89585 -3.661 -2.67964 -1.89183 -1.25421 -0.735218 -0.311674 0.033782 0.314767 0.542143 0.724853 0.870373 0.985091 1.07453 1.14346 1.19594 1.2354 1.2647 1.28613 1.30155 1.3124 1.31977 1.32447 1.32707 1.32795 1.32736 1.32541 1.32216 1.31761 1.31174 1.30452 1.29594 1.28602 1.27482 1.26246 1.24909 1.23493 1.22024 1.20528 1.19037 1.17579 1.16185 1.14881 1.13692 1.12638 1.11737 1.11004 1.10447 1.10073 1.09887 
-83.1253 -82.3321 -79.6275 -73.6416 -64.1136 -52.5388 -41.4145 -32.0547 -24.6107 -18.8297 -14.3892 -10.9925 -8.39121 -6.38815 -4.83214 -3.61047 -2.64059 -1.86272 -1.23361 -0.721867 -0.304429 0.0359384 0.312744 0.536739 0.716746 0.860151 0.97322 1.06138 1.12931 1.18099 1.21979 1.24851 1.26944 1.28438 1.29478 1.30171 1.306 1.30822 1.30876 1.3079 1.30576 1.30244 1.29794 1.29228 1.28543 1.27741 1.26823 1.25797 1.24672 1.23464 1.22189 1.20871 1.19533 1.18201 1.16902 1.15659 1.14498 1.13438 1.125 1.11697 1.11043 1.10547 1.10214 1.10047 
-82.6376 -81.8674 -79.2149 -73.3101 -63.8657 -52.3319 -41.2189 -31.8687 -24.4391 -18.6761 -14.2552 -10.8781 -8.29528 -6.30907 -4.76809 -3.55962 -2.60123 -1.83328 -1.21268 -0.70816 -0.296842 0.038438 0.311061 0.531662 0.708949 0.850225 0.96163 1.0485 1.11541 1.1663 1.20445 1.23263 1.25307 1.26757 1.27755 1.2841 1.28803 1.28992 1.29019 1.2891 1.28682 1.28345 1.27903 1.27357 1.26708 1.25958 1.25109 1.24169 1.23145 1.22051 1.20903 1.1972 1.18523 1.17334 1.16174 1.15067 1.14033 1.1309 1.12254 1.11539 1.10957 1.10514 1.10217 1.10069 
-82.1477 -81.3998 -78.7988 -72.9751 -63.6157 -52.1241 -41.0226 -31.6819 -24.2665 -18.5217 -14.1205 -10.7631 -8.19888 -6.22961 -4.7037 -3.50845 -2.56157 -1.80354 -1.19144 -0.694139 -0.288926 0.0412669 0.309702 0.5269 0.70146 0.840586 0.950313 1.03588 1.10178 1.15187 1.18938 1.21703 1.23701 1.25111 1.26072 1.26693 1.27054 1.27215 1.27218 1.27091 1.26853 1.26514 1.2608 1.25555 1.24941 1.24239 1.23453 1.2259 1.21657 1.20666 1.19632 1.18569 1.17497 1.16434 1.154 1.14413 1.13492 1.12652 1.11908 1.11271 1.10752 1.10358 1.10094 1.09961 
-81.6556 -80.9296 -78.3791 -72.6364 -63.3636 -51.9154 -40.8253 -31.494 -24.093 -18.3664 -13.9851 -10.6475 -8.10203 -6.14977 -4.63899 -3.45699 -2.52161 -1.7735 -1.1699 -0.679818 -0.280701 0.0444076 0.308653 0.522442 0.694266 0.831228 0.939264 1.02352 1.0884 1.1377 1.17458 1.20171 1.22126 1.23498 1.24425 1.25015 1.25349 1.25486 1.25469 1.25328 1.25082 1.24744 1.2432 1.23815 1.23233 1.22576 1.21848 1.21054 1.20203 1.19305 1.18371 1.17416 1.16454 1.15504 1.1458 1.137 1.12879 1.12131 1.11468 1.10902 1.1044 1.10089 1.09853 1.09735 
-81.1614 -80.4565 -77.9557 -72.294 -63.1092 -51.7058 -40.6273 -31.3052 -23.9186 -18.2102 -13.849 -10.5314 -8.00472 -6.06956 -4.57396 -3.40524 -2.48138 -1.74318 -1.14807 -0.66521 -0.272188 0.0478441 0.3079 0.518276 0.687356 0.822142 0.928475 1.01141 1.07527 1.12377 1.16003 1.18665 1.20579 1.21915 1.22812 1.23375 1.23684 1.23801 1.23768 1.23616 1.23365 1.23028 1.22615 1.22131 1.21579 1.20963 1.20287 1.19556 1.18779 1.17962 1.17118 1.16258 1.15395 1.14544 1.13718 1.12933 1.12201 1.11534 1.10943 1.10439 1.10027 1.09715 1.09505 1.094 
-80.6651 -79.9807 -77.5287 -71.9477 -62.8525 -51.4953 -40.4283 -31.1154 -23.7431 -18.0532 -13.7122 -10.4146 -7.90695 -5.98898 -4.50861 -3.35321 -2.44088 -1.7126 -1.12598 -0.65033 -0.263409 0.0515629 0.307432 0.514391 0.68072 0.813319 0.917938 0.999539 1.06238 1.11008 1.14572 1.17185 1.19059 1.20362 1.2123 1.21769 1.22057 1.22157 1.2211 1.21949 1.21695 1.21362 1.2096 1.20495 1.19971 1.19393 1.18764 1.18091 1.17379 1.16635 1.1587 1.15094 1.14318 1.13555 1.12816 1.12114 1.11461 1.10866 1.1034 1.0989 1.09523 1.09245 1.09058 1.08964 
-80.1666 -79.5022 -77.0979 -71.5974 -62.5934 -51.2838 -40.2285 -30.9246 -23.5667 -17.8953 -13.5746 -10.2974 -7.80873 -5.90804 -4.44296 -3.30091 -2.40012 -1.68177 -1.10363 -0.63519 -0.254372 0.055551 0.307235 0.510773 0.674344 0.804748 0.907645 0.987907 1.04971 1.09662 1.13164 1.15729 1.17564 1.18836 1.19678 1.20194 1.20465 1.20549 1.20492 1.20325 1.20069 1.1974 1.19349 1.18902 1.18405 1.17861 1.17275 1.16653 1.15999 1.1532 1.14626 1.13924 1.13225 1.12539 1.11877 1.11248 1.10664 1.10133 1.09663 1.09262 1.08935 1.08686 1.0852 1.08436 
-79.666 -79.0208 -76.6633 -71.2431 -62.3319 -51.0714 -40.0279 -30.7328 -23.3893 -17.7365 -13.4363 -10.1795 -7.71004 -5.82673 -4.37701 -3.24834 -2.35912 -1.6507 -1.08104 -0.619805 -0.245068 0.0597933 0.307291 0.507408 0.668217 0.796418 0.897584 0.9765 1.03727 1.08338 1.11778 1.14296 1.16093 1.17335 1.18153 1.18649 1.18903 1.18975 1.18909 1.18736 1.18481 1.18157 1.17777 1.17347 1.16874 1.16362 1.15815 1.15237 1.14635 1.14014 1.13382 1.12746 1.12114 1.11496 1.10901 1.10338 1.09814 1.09339 1.08919 1.08561 1.08269 1.08047 1.07899 1.07824 
-79.1634 -78.5367 -76.2249 -70.8846 -62.0678 -50.858 -39.8263 -30.54 -23.2108 -17.5768 -13.2972 -10.061 -7.6109 -5.74505 -4.31076 -3.19552 -2.31788 -1.6194 -1.05822 -0.604183 -0.235516 0.0642804 0.307591 0.504283 0.662326 0.788319 0.887747 0.965311 1.02503 1.07034 1.10414 1.12884 1.14645 1.15857 1.16652 1.1713 1.1737 1.1743 1.17357 1.17181 1.16926 1.16608 1.16238 1.15825 1.15374 1.1489 1.14378 1.13841 1.13285 1.12715 1.12137 1.11559 1.10987 1.10429 1.09892 1.09386 1.08916 1.0849 1.08114 1.07793 1.07532 1.07334 1.07201 1.07135 
-78.6587 -78.0498 -75.7825 -70.5218 -61.8011 -50.6437 -39.6239 -30.3462 -23.0313 -17.4162 -13.1574 -9.94192 -7.51129 -5.66302 -4.24422 -3.14244 -2.27641 -1.58788 -1.03518 -0.588333 -0.22573 0.0690002 0.308123 0.501389 0.656662 0.780443 0.878125 0.954329 1.013 1.05751 1.09069 1.11492 1.13216 1.14401 1.15174 1.15635 1.15861 1.15913 1.15833 1.15654 1.15401 1.15088 1.14729 1.14331 1.139 1.13442 1.1296 1.12459 1.11944 1.11419 1.1089 1.10362 1.09842 1.09336 1.08852 1.08395 1.07973 1.0759 1.07252 1.06965 1.06731 1.06553 1.06434 1.06375 
-78.152 -77.5602 -75.3363 -70.1547 -61.5314 -50.4283 -39.4206 -30.1513 -22.8508 -17.2546 -13.0168 -9.82224 -7.41122 -5.58062 -4.17738 -3.08912 -2.23471 -1.55614 -1.01192 -0.572265 -0.215725 0.0739389 0.308876 0.498717 0.651217 0.772778 0.868708 0.943545 1.00116 1.04486 1.07743 1.10119 1.11808 1.12965 1.13717 1.14161 1.14376 1.14418 1.14333 1.14153 1.13901 1.13594 1.13244 1.1286 1.12448 1.12013 1.11559 1.1109 1.10611 1.10125 1.09638 1.09155 1.0868 1.08221 1.07782 1.07369 1.06987 1.06642 1.06339 1.0608 1.0587 1.0571 1.05604 1.0555 
-77.6432 -77.0678 -74.8861 -69.7838 -61.2581 -50.212 -39.2164 -29.9553 -22.6691 -17.0921 -12.8754 -9.70195 -7.31068 -5.49787 -4.11026 -3.03555 -2.1928 -1.52419 -0.988458 -0.555986 -0.20551 0.07908 0.309843 0.49626 0.645982 0.765316 0.859487 0.932951 0.989508 1.03239 1.06434 1.08763 1.10416 1.11547 1.12278 1.12707 1.1291 1.12945 1.12856 1.12674 1.12424 1.12122 1.11781 1.11409 1.11014 1.10599 1.1017 1.09729 1.09282 1.08831 1.08381 1.07937 1.07502 1.07083 1.06683 1.06308 1.05963 1.05651 1.05376 1.05143 1.04954 1.0481 1.04714 1.04666 
-77.1325 -76.5726 -74.4319 -69.409 -60.9808 -49.9947 -39.0113 -29.7583 -22.4864 -16.9286 -12.7332 -9.58104 -7.20967 -5.41475 -4.04285 -2.98174 -2.15067 -1.49203 -0.964791 -0.539502 -0.19509 0.0844068 0.311017 0.494008 0.640949 0.75805 0.850455 0.922538 0.978028 1.02009 1.05142 1.07424 1.09042 1.10145 1.10856 1.11271 1.11463 1.1149 1.11397 1.11214 1.10965 1.10668 1.10335 1.09975 1.09594 1.09198 1.0879 1.08375 1.07955 1.07535 1.07117 1.06707 1.06307 1.05923 1.05557 1.05216 1.04901 1.04618 1.0437 1.04159 1.03987 1.03858 1.03771 1.03727 
-76.6197 -76.0746 -73.9739 -69.0303 -60.6992 -49.7765 -38.8054 -29.5603 -22.3026 -16.7641 -12.5902 -9.4595 -7.10818 -5.33127 -3.97515 -2.92769 -2.10832 -1.45968 -0.940933 -0.522828 -0.184477 0.0899469 0.312383 0.491949 0.636105 0.750969 0.841602 0.912298 0.966714 1.00796 1.03865 1.061 1.07682 1.08759 1.0945 1.0985 1.10031 1.10052 1.09954 1.0977 1.09523 1.0923 1.08904 1.08554 1.08187 1.07807 1.07418 1.07025 1.06629 1.06235 1.05846 1.05465 1.05096 1.04741 1.04406 1.04093 1.03806 1.03548 1.03322 1.0313 1.02974 1.02857 1.02778 1.02739 
-76.105 -75.5739 -73.5122 -68.6478 -60.4127 -49.5572 -38.5986 -29.3611 -22.1177 -16.5986 -12.4464 -9.33733 -7.00621 -5.24742 -3.90717 -2.8734 -2.06577 -1.42713 -0.916885 -0.505968 -0.173677 0.0956841 0.313938 0.490073 0.631442 0.744066 0.832922 0.902223 0.955558 0.995971 1.02604 1.04791 1.06337 1.07387 1.08058 1.08443 1.08614 1.08627 1.08525 1.08339 1.08094 1.07805 1.07485 1.07144 1.06788 1.06422 1.0605 1.05676 1.05302 1.04931 1.04566 1.04211 1.03867 1.0354 1.0323 1.02942 1.02679 1.02443 1.02236 1.0206 1.01918 1.01811 1.01739 1.01704 
-75.5884 -75.0704 -73.0469 -68.2612 -60.1213 -49.3371 -38.391 -29.1609 -21.9317 -16.4321 -12.3018 -9.2145 -6.90375 -5.1632 -3.83891 -2.81888 -2.02301 -1.39439 -0.892647 -0.488931 -0.162695 0.101607 0.315674 0.488375 0.626954 0.737334 0.824405 0.892306 0.944553 0.98413 1.01356 1.03495 1.05004 1.06027 1.06678 1.07048 1.07208 1.07214 1.07108 1.06921 1.06676 1.0639 1.06076 1.05742 1.05396 1.05043 1.04685 1.04327 1.03971 1.0362 1.03277 1.02943 1.02623 1.02318 1.02031 1.01764 1.01521 1.01304 1.01113 1.00953 1.00822 1.00724 1.00659 1.00626 
-75.0698 -74.5641 -72.5778 -67.8706 -59.8245 -49.1159 -38.1824 -28.9596 -21.7444 -16.2646 -12.1563 -9.09103 -6.8008 -5.07862 -3.77035 -2.76413 -1.98005 -1.36146 -0.868229 -0.47171 -0.151532 0.107708 0.317583 0.486849 0.622635 0.730765 0.816047 0.882541 0.933692 0.972424 1.00121 1.02211 1.03684 1.04679 1.05309 1.05664 1.05814 1.05812 1.05701 1.05512 1.05267 1.04983 1.04673 1.04346 1.04009 1.03666 1.0332 1.02976 1.02636 1.02302 1.01977 1.01663 1.01362 1.01076 1.00808 1.00561 1.00335 1.00133 0.999576 0.998091 0.996892 0.995987 0.995383 0.995081 
-74.5494 -74.055 -72.1051 -67.4758 -59.5222 -48.8938 -37.973 -28.7571 -21.556 -16.0959 -12.0099 -8.96688 -6.69735 -4.99367 -3.70152 -2.70915 -1.93689 -1.32835 -0.843632 -0.45431 -0.140192 0.11398 0.319651 0.485488 0.61848 0.724356 0.807843 0.872921 0.922968 0.960849 0.988981 1.00939 1.02374 1.03341 1.0395 1.0429 1.04428 1.04419 1.04303 1.0411 1.03865 1.03583 1.03276 1.02954 1.02624 1.02289 1.01955 1.01623 1.01296 1.00977 1.00667 1.00369 1.00084 0.998154 0.99564 0.993321 0.991214 0.989335 0.987701 0.986322 0.98521 0.984371 0.983812 0.983533 
-74.0271 -73.5433 -71.6287 -67.0769 -59.2141 -48.6706 -37.7626 -28.5534 -21.3664 -15.9262 -11.8627 -8.84206 -6.5934 -4.90834 -3.63239 -2.65394 -1.89353 -1.29505 -0.818855 -0.436734 -0.128677 0.120422 0.321862 0.484292 0.614487 0.7181 0.799785 0.863441 0.912376 0.949397 0.976869 0.996771 1.01074 1.02013 1.02601 1.02924 1.0305 1.03033 1.02911 1.02715 1.02468 1.02187 1.01882 1.01565 1.0124 1.00912 1.00586 1.00264 0.999487 0.996417 0.993451 0.990607 0.987902 0.985355 0.982981 0.980796 0.978816 0.977055 0.975525 0.974237 0.973199 0.972418 0.971896 0.971637 
-73.503 -73.0288 -71.1486 -66.6736 -58.9008 -48.4452 -37.5513 -28.3487 -21.1755 -15.7555 -11.7146 -8.71656 -6.48894 -4.82263 -3.56299 -2.5985 -1.84997 -1.26156 -0.793899 -0.418987 -0.117 0.127022 0.324248 0.483249 0.610644 0.711988 0.79187 0.854095 0.901911 0.938062 0.964865 0.984257 0.997841 1.00693 1.01259 1.01565 1.01679 1.01653 1.01525 1.01325 1.01076 1.00794 1.00491 1.00176 0.998548 0.995331 0.99214 0.989001 0.985938 0.982969 0.980112 0.977383 0.974797 0.972368 0.970111 0.96804 0.966168 0.964506 0.963065 0.961853 0.960878 0.960145 0.959656 0.959412 
-72.9772 -72.5115 -70.6647 -66.266 -58.5828 -48.2169 -37.3393 -28.1428 -20.9835 -15.5836 -11.5655 -8.59036 -6.38397 -4.73654 -3.49329 -2.54283 -1.80622 -1.2279 -0.768762 -0.401072 -0.105163 0.133781 0.3268 0.482358 0.606947 0.706021 0.78409 0.844879 0.891566 0.926839 0.952964 0.971835 0.985023 0.99381 0.999236 1.00213 1.00314 1.00277 1.00142 0.999374 0.996852 0.994018 0.99099 0.987856 0.984678 0.981503 0.978365 0.975291 0.972302 0.969416 0.966649 0.964014 0.961525 0.959195 0.957036 0.95506 0.953277 0.951699 0.950332 0.949184 0.948262 0.947569 0.947108 0.946878 
-72.4495 -71.9915 -70.1769 -65.8538 -58.2602 -47.985 -37.1265 -27.9358 -20.7902 -15.4105 -11.4156 -8.46347 -6.27848 -4.65008 -3.42331 -2.48693 -1.76227 -1.19405 -0.743433 -0.382993 -0.0931716 0.140695 0.329509 0.481617 0.603394 0.700195 0.776443 0.835787 0.881337 0.915722 0.94116 0.959502 0.972282 0.980759 0.985946 0.988657 0.989528 0.989058 0.987626 0.985521 0.98296 0.980102 0.977065 0.973935 0.970774 0.967627 0.964528 0.961503 0.958571 0.955751 0.953054 0.950496 0.948086 0.945837 0.943758 0.94186 0.940152 0.938642 0.937337 0.936243 0.935365 0.934705 0.934266 0.934048 
-71.9202 -71.4688 -69.6852 -65.4371 -57.9331 -47.749 -36.913 -27.7277 -20.5956 -15.2364 -11.2647 -8.33586 -6.17246 -4.56322 -3.35304 -2.43081 -1.71814 -1.16003 -0.717893 -0.364757 -0.0810278 0.147764 0.33237 0.48102 0.599984 0.694508 0.768928 0.826817 0.87122 0.904708 0.929448 0.94725 0.959614 0.96777 0.97271 0.975229 0.975953 0.975368 0.973848 0.971677 0.969067 0.966176 0.963119 0.959981 0.956824 0.953692 0.950618 0.947627 0.944738 0.941966 0.939325 0.936826 0.934479 0.932294 0.93028 0.928445 0.926797 0.925343 0.924088 0.923038 0.922196 0.921564 0.921144 0.920935 
-71.3892 -70.9433 -69.1896 -65.0158 -57.6016 -47.5084 -36.6989 -27.5184 -20.3998 -15.0611 -11.1129 -8.20754 -6.06591 -4.47597 -3.28247 -2.37445 -1.67381 -1.12584 -0.692196 -0.346361 -0.0687195 0.154995 0.335387 0.48056 0.596717 0.68896 0.761544 0.817969 0.861214 0.893793 0.917823 0.935074 0.947012 0.954836 0.959519 0.961838 0.962405 0.961696 0.960078 0.957831 0.955162 0.952227 0.94914 0.945984 0.942819 0.939689 0.936627 0.933655 0.930794 0.928057 0.925456 0.923001 0.920702 0.918567 0.916603 0.914818 0.913218 0.911808 0.910594 0.909579 0.908766 0.908156 0.907751 0.90755 
-70.8566 -70.4151 -68.69 -64.5897 -57.2655 -47.2629 -36.4843 -27.308 -20.2026 -14.8845 -10.9601 -8.07846 -5.9588 -4.38831 -3.21158 -2.31785 -1.62927 -1.09147 -0.66638 -0.327797 -0.0562395 0.162395 0.338563 0.480229 0.593597 0.683552 0.754291 0.809239 0.851314 0.882972 0.906282 0.92297 0.93447 0.941952 0.946368 0.948476 0.948875 0.948032 0.946308 0.943974 0.941237 0.938247 0.935119 0.931932 0.928748 0.925608 0.922545 0.919581 0.916734 0.914017 0.911442 0.909018 0.906753 0.904655 0.902729 0.900981 0.899418 0.898043 0.89686 0.895872 0.895082 0.89449 0.894097 0.893901 
-70.3224 -69.8842 -68.1863 -64.1587 -56.9249 -47.012 -36.2693 -27.0964 -20.0042 -14.7068 -10.8063 -7.94863 -5.85113 -4.30024 -3.14039 -2.26099 -1.58453 -1.05692 -0.640416 -0.309072 -0.0435959 0.169954 0.341894 0.480069 0.590615 0.678276 0.74716 0.800623 0.841517 0.872243 0.89482 0.910934 0.921983 0.929113 0.933249 0.935135 0.935356 0.93437 0.932528 0.930097 0.927281 0.924227 0.921046 0.917818 0.914603 0.911441 0.908364 0.905395 0.90255 0.899841 0.89728 0.894874 0.892631 0.890557 0.888657 0.886936 0.885399 0.884049 0.88289 0.881923 0.881149 0.880571 0.880187 0.879996 
-69.7866 -69.3507 -67.6786 -63.7227 -56.5795 -46.7554 -36.0541 -26.8836 -19.8043 -14.5278 -10.6515 -7.81801 -5.74288 -4.21173 -3.06886 -2.20388 -1.53957 -1.02219 -0.614286 -0.290183 -0.0307887 0.177675 0.345385 0.480072 0.587777 0.67313 0.740148 0.792116 0.831819 0.861602 0.883434 0.898961 0.909548 0.916312 0.920158 0.92181 0.921842 0.920701 0.91873 0.916192 0.913285 0.910156 0.906912 0.903632 0.900374 0.897179 0.894078 0.891091 0.888236 0.885523 0.882964 0.880565 0.878332 0.876271 0.874387 0.872683 0.871163 0.869831 0.868687 0.867735 0.866974 0.866405 0.866027 0.865839 
-69.2494 -68.8145 -67.1667 -63.2817 -56.2292 -46.4927 -35.8388 -26.6696 -19.603 -14.3475 -10.4956 -7.68658 -5.63404 -4.12279 -2.99701 -2.14651 -1.49439 -0.987268 -0.587976 -0.271122 -0.0178134 0.18556 0.349036 0.480228 0.585078 0.668114 0.733256 0.783719 0.82222 0.851046 0.87212 0.887048 0.89716 0.903545 0.907088 0.908495 0.908326 0.907018 0.904907 0.902251 0.899243 0.896027 0.892708 0.889365 0.886054 0.882815 0.879678 0.876663 0.873786 0.871058 0.86849 0.866086 0.863853 0.861796 0.859918 0.858222 0.856712 0.855389 0.854255 0.853311 0.852558 0.851995 0.851622 0.851436 
-68.7107 -68.2756 -66.6506 -62.8354 -55.8741 -46.2233 -35.6237 -26.4542 -19.4002 -14.1659 -10.3386 -7.55432 -5.52458 -4.0334 -2.92481 -2.08886 -1.44899 -0.952146 -0.561477 -0.25188 -0.00466472 0.193613 0.352849 0.480534 0.582506 0.663224 0.726485 0.775432 0.812718 0.840575 0.860878 0.875192 0.884815 0.890809 0.894035 0.895184 0.894801 0.893314 0.891052 0.888266 0.885146 0.881831 0.878428 0.875011 0.871635 0.868341 0.865156 0.862102 0.859193 0.856441 0.853852 0.851434 0.849192 0.847128 0.845248 0.843552 0.842044 0.840724 0.839594 0.838654 0.837905 0.837345 0.836974 0.836789 
-68.1707 -67.7342 -66.1302 -62.3838 -55.5139 -45.947 -35.4087 -26.2374 -19.1959 -13.9828 -10.1805 -7.42122 -5.4145 -3.94354 -2.85227 -2.03093 -1.40335 -0.916816 -0.534777 -0.232453 0.00865978 0.201835 0.356825 0.480992 0.580045 0.658467 0.719836 0.767255 0.803313 0.830186 0.849704 0.86339 0.87251 0.878098 0.880994 0.881871 0.881262 0.879584 0.877158 0.87423 0.870985 0.867562 0.864062 0.860559 0.857109 0.853748 0.850506 0.847403 0.844452 0.841664 0.839046 0.836605 0.834343 0.832266 0.830375 0.828672 0.827158 0.825836 0.824704 0.823764 0.823015 0.822455 0.822084 0.8219 
-67.6293 -67.1901 -65.6056 -61.9267 -55.1486 -45.6642 -35.1931 -26.0191 -18.9901 -13.7984 -10.0213 -7.28726 -5.30379 -3.85323 -2.77937 -1.97271 -1.35745 -0.881244 -0.507886 -0.212847 0.0221576 0.210225 0.360959 0.481598 0.577741 0.653835 0.713298 0.759185 0.794002 0.819879 0.838596 0.85164 0.860241 0.865408 0.86796 0.868552 0.867703 0.86582 0.863218 0.860136 0.856755 0.853211 0.849603 0.846004 0.842467 0.839031 0.835721 0.832558 0.829555 0.826722 0.824066 0.821593 0.819304 0.817205 0.815296 0.813579 0.812054 0.810723 0.809586 0.808641 0.807889 0.807327 0.806955 0.80677 
-67.0866 -66.6435 -65.0765 -61.464 -54.7779 -45.3754 -34.9753 -25.7995 -18.7828 -13.6126 -9.86099 -7.15246 -5.19246 -3.76244 -2.70611 -1.9142 -1.31128 -0.845436 -0.480782 -0.193046 0.0358367 0.218785 0.365256 0.482358 0.575593 0.649331 0.706879 0.751219 0.784785 0.809651 0.827553 0.839938 0.848006 0.852737 0.854929 0.85522 0.854117 0.852017 0.849224 0.845975 0.842446 0.838769 0.835042 0.831336 0.827703 0.824179 0.820792 0.81756 0.814496 0.81161 0.808907 0.806393 0.80407 0.801941 0.800008 0.79827 0.796729 0.795385 0.794237 0.793285 0.792526 0.79196 0.791586 0.791399 
-66.5427 -66.0943 -64.5431 -60.9955 -54.4017 -45.0813 -34.7542 -25.5785 -18.574 -13.4255 -9.69953 -7.01679 -5.08049 -3.67119 -2.63249 -1.85539 -1.26486 -0.809382 -0.45345 -0.173039 0.0497062 0.227525 0.369722 0.483281 0.573597 0.644954 0.700578 0.743361 0.775662 0.799502 0.816572 0.828283 0.8358 0.840079 0.841896 0.841871 0.840499 0.838166 0.835171 0.831742 0.828052 0.82423 0.820372 0.816548 0.812807 0.809187 0.805713 0.802402 0.799268 0.79632 0.793562 0.791 0.788636 0.786471 0.784507 0.782743 0.781181 0.779819 0.778657 0.777693 0.776926 0.776354 0.775975 0.775787 
-65.9976 -65.5426 -64.0052 -60.5211 -54.0198 -44.782 -34.529 -25.3563 -18.3639 -13.237 -9.53693 -6.88025 -4.96788 -3.57947 -2.55851 -1.79628 -1.21816 -0.773053 -0.42588 -0.152822 0.0637724 0.236453 0.374369 0.484375 0.571754 0.640697 0.6944 0.735615 0.766634 0.789431 0.805654 0.816673 0.823622 0.827432 0.828856 0.8285 0.826843 0.824263 0.82105 0.817427 0.813563 0.809585 0.805584 0.801631 0.797772 0.794045 0.790474 0.787076 0.783864 0.780845 0.778026 0.775408 0.772996 0.770789 0.768788 0.766994 0.765406 0.764022 0.762842 0.761864 0.761087 0.760507 0.760123 0.759932 
-65.4514 -64.9884 -63.4628 -60.0405 -53.6322 -44.4776 -34.2988 -25.1329 -18.1522 -13.047 -9.37316 -6.74283 -4.85461 -3.48726 -2.48415 -1.73687 -1.17117 -0.736404 -0.398069 -0.132392 0.0780418 0.245579 0.379207 0.485649 0.570075 0.63656 0.688353 0.727977 0.757699 0.779437 0.794794 0.805103 0.811467 0.81479 0.815804 0.815099 0.813142 0.810299 0.806853 0.803023 0.798972 0.794824 0.79067 0.786575 0.782589 0.778745 0.775068 0.771574 0.768275 0.765179 0.76229 0.759612 0.757145 0.75489 0.752848 0.751019 0.7494 0.747991 0.746791 0.745796 0.745006 0.744416 0.744026 0.743833 
-64.9041 -64.4318 -62.9159 -59.5538 -53.2385 -44.1679 -34.0631 -24.9086 -17.9392 -12.8556 -9.20819 -6.60449 -4.74067 -3.39454 -2.40941 -1.67715 -1.12393 -0.699379 -0.370036 -0.111745 0.0925287 0.254916 0.384244 0.487105 0.568561 0.632597 0.682428 0.720442 0.748854 0.769518 0.783992 0.793573 0.799332 0.802148 0.802735 0.801663 0.799388 0.796266 0.792573 0.788521 0.78427 0.77994 0.775619 0.771373 0.767248 0.763278 0.759486 0.755888 0.752494 0.749313 0.746349 0.743604 0.741077 0.73877 0.736682 0.734812 0.73316 0.731723 0.730499 0.729486 0.728681 0.728081 0.727684 0.727487 
-64.3559 -63.8728 -62.3644 -59.0606 -52.8387 -43.8528 -33.8212 -24.6835 -17.7246 -12.6627 -9.04198 -6.4652 -4.62602 -3.30128 -2.33424 -1.61707 -1.07636 -0.662201 -0.341716 -0.0908226 0.10727 0.264489 0.389498 0.488761 0.567228 0.628801 0.67663 0.713009 0.740102 0.759674 0.773246 0.782078 0.787212 0.789503 0.789642 0.788185 0.785575 0.782157 0.7782 0.773911 0.769446 0.76492 0.760422 0.756013 0.751739 0.747633 0.743718 0.740008 0.736512 0.733239 0.730193 0.727376 0.724786 0.722421 0.720283 0.718372 0.716683 0.715215 0.713965 0.712931 0.712109 0.711497 0.711092 0.710891 
-63.8067 -63.3114 -61.8083 -58.5608 -52.4324 -43.5322 -33.5724 -24.4579 -17.5084 -12.4682 -8.87448 -6.32493 -4.51062 -3.20746 -2.25862 -1.55661 -1.02849 -0.624791 -0.313118 -0.0696172 0.122282 0.274314 0.394986 0.49063 0.566089 0.625171 0.670946 0.705688 0.731443 0.749904 0.762552 0.770614 0.775102 0.776846 0.776517 0.774656 0.771692 0.767961 0.763724 0.759183 0.754489 0.749755 0.745066 0.740484 0.736051 0.7318 0.727754 0.723925 0.72032 0.71695 0.713817 0.710919 0.708259 0.705837 0.703649 0.701692 0.699963 0.698462 0.697184 0.696127 0.695288 0.694663 0.694249 0.694044 
-63.2566 -62.7477 -61.2476 -58.0543 -52.0194 -43.2059 -33.3159 -24.2322 -17.2907 -12.2721 -8.70562 -6.18363 -4.39446 -3.11305 -2.18252 -1.49576 -0.980281 -0.587083 -0.284224 -0.048121 0.137572 0.284402 0.400719 0.492725 0.565154 0.621715 0.665372 0.69849 0.722871 0.7402 0.751904 0.759175 0.762996 0.764171 0.763354 0.761068 0.75773 0.753667 0.749134 0.744325 0.739387 0.734431 0.72954 0.724776 0.720172 0.715768 0.711579 0.707623 0.703909 0.700437 0.697211 0.694232 0.6915 0.689015 0.686771 0.684765 0.682996 0.681459 0.680152 0.679072 0.678214 0.677576 0.677154 0.676944 
-62.7057 -62.1819 -60.6822 -57.5409 -51.5996 -42.8737 -33.051 -24.0069 -17.0711 -12.0742 -8.53535 -6.04126 -4.27751 -3.01803 -2.10593 -1.43448 -0.931707 -0.549029 -0.255011 -0.0263228 0.15315 0.294761 0.406705 0.495051 0.564422 0.618434 0.659975 0.691401 0.714372 0.730557 0.741297 0.747755 0.750885 0.751469 0.75014 0.747408 0.743676 0.739264 0.734415 0.729322 0.724128 0.718936 0.71383 0.708865 0.70409 0.699524 0.69519 0.691102 0.687268 0.68369 0.680368 0.677305 0.674498 0.671946 0.669643 0.667588 0.665776 0.664203 0.662866 0.661761 0.660884 0.660232 0.659801 0.659587 
-62.1541 -61.6139 -60.1121 -57.0204 -51.1726 -42.5355 -32.777 -23.782 -16.8495 -11.8745 -8.36365 -5.89782 -4.15974 -2.92238 -2.02881 -1.37273 -0.882696 -0.510614 -0.225468 -0.00421368 0.169024 0.305401 0.412953 0.497617 0.563907 0.615345 0.654748 0.684419 0.705959 0.720964 0.730719 0.736342 0.738758 0.738727 0.736865 0.733663 0.729517 0.724737 0.719553 0.714159 0.708688 0.703252 0.697921 0.692753 0.687791 0.683058 0.678572 0.674347 0.670389 0.6667 0.66328 0.660129 0.657245 0.654624 0.652262 0.650155 0.648298 0.646688 0.645321 0.644191 0.643295 0.642629 0.642188 0.64197 
-61.6018 -61.044 -59.5373 -56.4927 -50.7381 -42.1909 -32.4951 -23.5554 -16.6259 -11.673 -8.19054 -5.75332 -4.04119 -2.8261 -1.95115 -1.31048 -0.833199 -0.471806 -0.195574 0.0182247 0.18521 0.316338 0.419478 0.500438 0.563622 0.612462 0.649692 0.677536 0.697649 0.711417 0.720163 0.724926 0.726603 0.725933 0.723513 0.719819 0.715237 0.71006 0.704529 0.698817 0.693061 0.687364 0.681799 0.676419 0.671263 0.666355 0.661713 0.657346 0.65326 0.649457 0.645937 0.642696 0.639732 0.637042 0.634619 0.63246 0.630559 0.628912 0.627513 0.626359 0.625443 0.624763 0.624313 0.62409 
-61.0489 -60.4721 -58.9578 -55.9574 -50.2958 -41.8398 -32.206 -23.3249 -16.4005 -11.4699 -8.01609 -5.6078 -3.92186 -2.72921 -1.87297 -1.24772 -0.783183 -0.432551 -0.165292 0.0410195 0.201733 0.32759 0.426297 0.503527 0.563577 0.609786 0.644806 0.67078 0.689435 0.701952 0.709622 0.713488 0.714401 0.713066 0.710059 0.705851 0.700807 0.695221 0.689321 0.683278 0.677224 0.671257 0.665448 0.659848 0.654492 0.649404 0.6446 0.640087 0.635872 0.631953 0.628329 0.624998 0.621954 0.619194 0.616711 0.614499 0.612554 0.610869 0.60944 0.60826 0.607325 0.606631 0.606172 0.605944 
-60.4953 -59.8983 -58.3736 -55.4145 -49.8454 -41.4819 -31.9101 -23.089 -16.1732 -11.2652 -7.84032 -5.46126 -3.80175 -2.6317 -1.79426 -1.18446 -0.732545 -0.392843 -0.134606 0.0641963 0.218618 0.339182 0.433428 0.506897 0.563777 0.607315 0.640086 0.664173 0.68129 0.692534 0.699111 0.702035 0.702138 0.700102 0.696483 0.691733 0.68621 0.680197 0.673913 0.667525 0.661161 0.654914 0.648852 0.643023 0.637462 0.632189 0.627219 0.622559 0.618211 0.614175 0.610448 0.607026 0.603903 0.601073 0.59853 0.596267 0.594278 0.592557 0.591097 0.589893 0.588939 0.588231 0.587762 0.58753 
-59.9413 -59.3228 -57.7846 -54.8638 -49.3865 -41.1168 -31.6075 -22.8462 -15.9443 -11.0589 -7.66322 -5.31371 -3.68086 -2.53355 -1.715 -1.12069 -0.68127 -0.352675 -0.103478 0.0877996 0.235904 0.351145 0.440894 0.510564 0.564232 0.605057 0.635537 0.657693 0.673178 0.68314 0.688596 0.690547 0.689805 0.687033 0.682771 0.677455 0.671431 0.664971 0.658287 0.65154 0.644853 0.638315 0.631992 0.625929 0.620157 0.614696 0.609558 0.604748 0.600268 0.596115 0.592285 0.588772 0.585571 0.582673 0.580071 0.577758 0.575727 0.57397 0.572481 0.571254 0.570282 0.56956 0.569083 0.568847 
-59.3867 -58.7456 -57.191 -54.3051 -48.9187 -40.7444 -31.2981 -22.5953 -15.7139 -10.8509 -7.48474 -5.16511 -3.55914 -2.4347 -1.6351 -1.05634 -0.629653 -0.311942 -0.071806 0.111899 0.253641 0.363512 0.448719 0.514541 0.564949 0.603012 0.631153 0.651321 0.665099 0.673746 0.67805 0.678996 0.677378 0.673841 0.668907 0.662999 0.656449 0.649522 0.64242 0.635301 0.628279 0.621441 0.614849 0.608546 0.60256 0.596908 0.591601 0.586642 0.582029 0.577761 0.573829 0.570229 0.566951 0.563987 0.561329 0.558968 0.556896 0.555106 0.55359 0.552341 0.551352 0.550618 0.550133 0.549893 
-58.8317 -58.1667 -56.5927 -53.7381 -48.4418 -40.3642 -30.9816 -22.3349 -15.4826 -10.6411 -7.3048 -5.01543 -3.43658 -2.33512 -1.55454 -0.991392 -0.577532 -0.270639 -0.0395706 0.136525 0.271857 0.376308 0.45692 0.518839 0.565932 0.601175 0.626916 0.645041 0.657082 0.664311 0.667436 0.667352 0.66483 0.660498 0.654865 0.648337 0.64124 0.633825 0.626289 0.618782 0.611415 0.604269 0.597403 0.590855 0.584653 0.57881 0.573334 0.568226 0.563484 0.559103 0.555073 0.551388 0.548037 0.54501 0.542299 0.539894 0.537785 0.535963 0.534422 0.533152 0.532148 0.531403 0.530911 0.530667 
-58.2763 -57.5864 -55.9899 -53.1628 -47.9552 -39.976 -30.6577 -22.0638 -15.2507 -10.4294 -7.12334 -4.86464 -3.31315 -2.23478 -1.47326 -0.925778 -0.524772 -0.228726 -0.00675325 0.161697 0.290573 0.389552 0.465511 0.523467 0.56718 0.599541 0.622823 0.638848 0.649098 0.654787 0.65673 0.655586 0.652128 0.646972 0.640611 0.633439 0.625771 0.61785 0.609865 0.601958 0.594236 0.586775 0.57963 0.572836 0.566417 0.560384 0.554742 0.549489 0.544621 0.540131 0.536008 0.532242 0.528822 0.525738 0.522978 0.520531 0.518388 0.516539 0.514975 0.513688 0.51267 0.511915 0.511417 0.51117 
-57.7205 -57.0046 -55.3827 -52.579 -47.4586 -39.5791 -30.3263 -21.7818 -15.0168 -10.2156 -6.94039 -4.7128 -3.1889 -2.13367 -1.39116 -0.859283 -0.471359 -0.186197 0.0266615 0.187436 0.309812 0.403262 0.474504 0.528428 0.568693 0.598101 0.618856 0.632716 0.641106 0.645188 0.645886 0.64365 0.639229 0.633221 0.626106 0.618267 0.610008 0.601563 0.593114 0.584796 0.576712 0.568932 0.561506 0.554467 0.547833 0.541613 0.535809 0.530416 0.525428 0.520835 0.516625 0.512785 0.509303 0.506166 0.503362 0.500879 0.498706 0.496833 0.49525 0.493947 0.492918 0.492155 0.491651 0.491402 
-57.1644 -56.4215 -54.771 -51.9865 -46.9514 -39.1732 -29.9868 -21.4902 -14.7774 -9.99995 -6.75616 -4.56004 -3.06391 -2.03183 -1.30825 -0.791851 -0.417148 -0.142958 0.0607379 0.213789 0.329607 0.417461 0.483911 0.533725 0.57046 0.596839 0.61499 0.626612 0.633077 0.635506 0.63484 0.63149 0.626085 0.6192 0.611306 0.602778 0.593908 0.584924 0.576 0.567264 0.558813 0.550712 0.543006 0.535724 0.52888 0.522479 0.51652 0.510995 0.505895 0.501207 0.496917 0.49301 0.489473 0.48629 0.483449 0.480936 0.478738 0.476845 0.475246 0.473932 0.472894 0.472124 0.471617 0.471365 
-56.6079 -55.8372 -54.1552 -51.3851 -46.4332 -38.7576 -29.6389 -21.1895 -14.5298 -9.78273 -6.57071 -4.40646 -2.93827 -1.92934 -1.22457 -0.723294 -0.362099 -0.0989412 0.0955483 0.240817 0.350004 0.432175 0.493742 0.539354 0.572469 0.595729 0.611194 0.620504 0.624979 0.625693 0.62351 0.619062 0.612642 0.604854 0.596159 0.586921 0.577425 0.56789 0.558482 0.549324 0.540505 0.532085 0.524104 0.516584 0.509538 0.502965 0.49686 0.491214 0.486011 0.481238 0.476878 0.472914 0.46933 0.46611 0.463238 0.460701 0.458485 0.456577 0.454967 0.453644 0.4526 0.451826 0.451316 0.451063 
-56.051 -55.2517 -53.5352 -50.7748 -45.9035 -38.3318 -29.2822 -20.8801 -14.2713 -9.56394 -6.38394 -4.25208 -2.81203 -1.82618 -1.14011 -0.653754 -0.306121 -0.0540191 0.131202 0.2686 0.371051 0.447431 0.504004 0.545302 0.574692 0.594735 0.607422 0.614335 0.616741 0.615667 0.611947 0.606271 0.598819 0.590113 0.5806 0.570639 0.560506 0.550412 0.540517 0.530936 0.521751 0.513018 0.504769 0.497024 0.489786 0.483054 0.476816 0.47106 0.465768 0.460922 0.456504 0.452493 0.448873 0.445624 0.442731 0.440177 0.437948 0.436032 0.434415 0.433088 0.432041 0.431265 0.430753 0.4305 
-55.4938 -54.6651 -52.9112 -50.1554 -45.3616 -37.8951 -28.9162 -20.5617 -14.0016 -9.34136 -6.19595 -4.09701 -2.68529 -1.72236 -1.05481 -0.583542 -0.249063 -0.00804043 0.167806 0.297205 0.392785 0.463237 0.514682 0.551541 0.577087 0.593802 0.603613 0.60804 0.608301 0.605376 0.600065 0.593022 0.584548 0.574908 0.564564 0.553868 0.54309 0.532435 0.522054 0.512055 0.502514 0.493478 0.484976 0.477018 0.469605 0.462729 0.456375 0.450525 0.445159 0.440255 0.435791 0.431747 0.428101 0.424835 0.421929 0.419367 0.417133 0.415214 0.413596 0.412269 0.411222 0.410447 0.409936 0.409683 
-54.9362 -54.0776 -52.2835 -49.5268 -44.8071 -37.4469 -28.5402 -20.2338 -13.7218 -9.11089 -6.00676 -3.94134 -2.5582 -1.61793 -0.968664 -0.512396 -0.190923 0.0390108 0.205386 0.32665 0.415206 0.479574 0.52574 0.558016 0.579586 0.592855 0.599684 0.601534 0.59957 0.594728 0.587763 0.57928 0.569734 0.559148 0.547967 0.536535 0.525113 0.5139 0.503041 0.492636 0.482752 0.473432 0.464694 0.456544 0.448976 0.441977 0.435526 0.429601 0.424178 0.419233 0.41474 0.410677 0.407019 0.403746 0.400838 0.398277 0.396047 0.394132 0.392519 0.391196 0.390153 0.389381 0.388872 0.388621 
-54.378 -53.4892 -51.6523 -48.889 -44.2394 -36.9862 -28.1534 -19.8961 -13.4325 -8.87201 -5.81281 -3.78531 -2.43091 -1.51294 -0.881464 -0.440317 -0.131761 0.0870895 0.243911 0.356902 0.438271 0.496384 0.537103 0.564641 0.582092 0.59179 0.595527 0.594706 0.590438 0.583612 0.574939 0.564994 0.554255 0.542736 0.530724 0.518559 0.506502 0.494743 0.483421 0.472629 0.462426 0.452844 0.443896 0.43558 0.427883 0.420784 0.41426 0.408283 0.402825 0.397858 0.393354 0.389287 0.385632 0.382365 0.379467 0.376917 0.374698 0.372795 0.371192 0.369879 0.368844 0.368079 0.367574 0.367324 
-53.8194 -52.9 -51.0178 -48.242 -43.6578 -36.5122 -27.755 -19.5476 -13.1334 -8.62481 -5.61331 -3.62575 -2.30282 -1.40792 -0.793358 -0.367318 -0.0716151 0.136148 0.283324 0.387892 0.461895 0.513565 0.548657 0.571288 0.584472 0.590469 0.591003 0.587419 0.580773 0.571905 0.561484 0.550042 0.53799 0.525577 0.512741 0.499855 0.487177 0.474894 0.463135 0.451984 0.441492 0.431682 0.422557 0.414107 0.406311 0.399144 0.392575 0.386572 0.381103 0.376136 0.37164 0.367587 0.36395 0.360705 0.357828 0.3553 0.353102 0.351218 0.349633 0.348334 0.347312 0.346555 0.346057 0.34581 
-53.2601 -52.31 -50.3803 -47.5858 -43.0616 -36.0239 -27.3439 -19.1876 -12.8241 -8.36914 -5.40766 -3.46188 -2.17167 -1.30176 -0.70479 -0.293738 -0.0106573 0.186069 0.323516 0.419501 0.485942 0.530966 0.560236 0.577784 0.586546 0.58871 0.585935 0.579501 0.57041 0.559449 0.54724 0.534274 0.520933 0.507531 0.493895 0.480318 0.467051 0.454278 0.442119 0.430651 0.419912 0.409915 0.400654 0.392109 0.384253 0.377053 0.370471 0.364472 0.359018 0.354075 0.34961 0.345591 0.341989 0.33878 0.335938 0.333443 0.331276 0.329419 0.327859 0.326581 0.325574 0.32483 0.32434 0.324098 
-52.7001 -51.7194 -49.7401 -46.9206 -42.4504 -35.5202 -26.9192 -18.815 -12.5038 -8.10454 -5.19525 -3.29298 -2.03674 -1.19264 -0.615012 -0.220024 0.050891 0.236675 0.364309 0.451537 0.510204 0.548366 0.57161 0.583893 0.58808 0.586286 0.580101 0.570744 0.559153 0.546063 0.532048 0.517555 0.502933 0.488459 0.474083 0.459851 0.446037 0.432819 0.420312 0.408579 0.397646 0.387516 0.378169 0.369578 0.361707 0.354513 0.347956 0.341994 0.336586 0.331694 0.327283 0.323319 0.319771 0.316614 0.313821 0.311372 0.309246 0.307425 0.305896 0.304644 0.303659 0.302931 0.302451 0.302214 
-52.1392 -51.1281 -49.0975 -46.2464 -41.8233 -35 -26.4793 -18.4286 -12.1716 -7.83029 -4.97541 -3.11838 -1.89737 -1.08012 -0.522917 -0.14504 0.112582 0.287617 0.405394 0.483702 0.534383 0.56546 0.58247 0.58931 0.588775 0.582909 0.573232 0.560893 0.546769 0.531535 0.515715 0.499708 0.483821 0.468275 0.453184 0.438343 0.424037 0.41044 0.397653 0.385724 0.374666 0.364466 0.355095 0.346514 0.338677 0.331537 0.325047 0.319159 0.31383 0.309018 0.304687 0.3008 0.297326 0.294238 0.291509 0.289118 0.287043 0.285269 0.283778 0.282559 0.281599 0.28089 0.280423 0.280192 
-51.5772 -50.5362 -48.453 -45.5635 -41.1798 -34.4618 -26.023 -18.0267 -11.8263 -7.54544 -4.74733 -2.93735 -1.75286 -0.963546 -0.427986 -0.0680409 0.174982 0.338359 0.446316 0.515576 0.55807 0.581844 0.592418 0.593645 0.588258 0.578227 0.564998 0.549646 0.532981 0.515616 0.498015 0.480531 0.463423 0.446885 0.431064 0.415673 0.400957 0.387067 0.374087 0.362049 0.350949 0.340758 0.331434 0.322927 0.315184 0.308149 0.301771 0.295998 0.290783 0.286083 0.281858 0.278072 0.274694 0.271692 0.269043 0.266723 0.264712 0.262992 0.261548 0.260368 0.259439 0.258752 0.2583 0.258077 
-51.014 -49.9438 -47.8069 -44.8723 -40.5193 -33.9043 -25.5484 -17.6078 -11.4662 -7.2488 -4.51007 -2.74909 -1.60236 -0.841721 -0.330151 0.0108145 0.238437 0.389063 0.486501 0.546624 0.580743 0.597002 0.600948 0.596411 0.586065 0.571808 0.555003 0.536645 0.517469 0.49802 0.478702 0.459812 0.441565 0.424116 0.407589 0.39174 0.376714 0.362638 0.349576 0.337534 0.32649 0.316398 0.307203 0.298844 0.291258 0.284386 0.278169 0.272554 0.267492 0.262936 0.258847 0.255188 0.251925 0.24903 0.246477 0.244242 0.242305 0.240651 0.239262 0.238126 0.237233 0.236573 0.236139 0.235924 
-50.4493 -49.3508 -47.1597 -44.1733 -39.8412 -33.3258 -25.0536 -17.1694 -11.0897 -6.93892 -4.26257 -2.55293 -1.44566 -0.714193 -0.228921 0.0916755 0.302843 0.439836 0.525776 0.576206 0.601763 0.610297 0.607435 0.597006 0.581635 0.563134 0.542778 0.521471 0.499864 0.478426 0.457497 0.437317 0.418049 0.399801 0.382621 0.366453 0.351241 0.337111 0.324097 0.312178 0.301306 0.291417 0.282442 0.274311 0.266953 0.260303 0.254301 0.24889 0.244019 0.239643 0.23572 0.232213 0.229089 0.226319 0.223878 0.221743 0.219894 0.218314 0.216988 0.215905 0.215053 0.214423 0.214008 0.213803 
-49.883 -48.7573 -46.512 -43.4671 -39.1451 -32.7246 -24.5362 -16.7091 -10.6943 -6.61398 -4.0034 -2.34778 -1.28207 -0.581421 -0.124079 0.174591 0.367981 0.490259 0.563834 0.603758 0.620352 0.620946 0.61111 0.594701 0.574289 0.551592 0.527775 0.50364 0.479744 0.456473 0.434094 0.412785 0.392655 0.373764 0.356126 0.339718 0.324478 0.310464 0.297661 0.286011 0.275442 0.26587 0.257215 0.249396 0.24234 0.235977 0.230244 0.225085 0.220447 0.216286 0.212559 0.209231 0.206269 0.203645 0.201333 0.199312 0.197563 0.196069 0.194815 0.193791 0.192985 0.192389 0.191997 0.191803 
-49.3148 -48.1632 -45.8643 -42.7545 -38.4307 -32.0988 -23.9935 -16.2235 -10.2774 -6.27177 -3.73083 -2.13226 -1.11073 -0.443833 -0.0157101 0.259219 0.433263 0.539573 0.599812 0.628502 0.635586 0.627998 0.61104 0.588612 0.563222 0.536462 0.509364 0.482609 0.456646 0.431772 0.408173 0.38596 0.365187 0.345865 0.32798 0.311495 0.296427 0.282731 0.270324 0.259108 0.248982 0.23985 0.231618 0.224201 0.217522 0.21151 0.206103 0.201243 0.196881 0.19297 0.189471 0.186349 0.183573 0.181114 0.17895 0.177058 0.175421 0.174023 0.17285 0.171892 0.171138 0.170581 0.170214 0.170033 
-48.7447 -47.5686 -45.2172 -42.0366 -37.6978 -31.4464 -23.4224 -15.7087 -9.83536 -5.90956 -3.44274 -1.90453 -0.929652 -0.301379 0.0951138 0.344379 0.497464 0.586505 0.63241 0.649145 0.646235 0.63028 0.606098 0.577686 0.547487 0.516917 0.486836 0.45778 0.430077 0.403922 0.379418 0.356604 0.335473 0.315988 0.298101 0.281793 0.267156 0.254011 0.242203 0.231594 0.222059 0.213489 0.205784 0.198858 0.192631 0.187036 0.182009 0.177497 0.17345 0.169826 0.166586 0.163698 0.16113 0.158857 0.156857 0.15511 0.153598 0.152307 0.151225 0.15034 0.149644 0.149129 0.14879 0.148623 
-48.1725 -46.9736 -44.5716 -41.3145 -36.9468 -30.7652 -22.8193 -15.1596 -9.36397 -5.52407 -3.13695 -1.66339 -0.737335 -0.154126 0.207398 0.428627 0.558916 0.629286 0.659843 0.663947 0.650656 0.626207 0.594954 0.56068 0.526001 0.492037 0.459425 0.428527 0.399537 0.37254 0.347548 0.324525 0.303401 0.284083 0.266465 0.250726 0.236831 0.224492 0.213492 0.203661 0.194859 0.18697 0.179893 0.173541 0.16784 0.162722 0.158129 0.15401 0.150319 0.147016 0.144065 0.141436 0.139099 0.137033 0.135215 0.133626 0.132253 0.131079 0.130095 0.129291 0.128658 0.12819 0.127882 0.12773 
-47.5984 -46.3785 -43.9282 -40.5901 -36.1781 -30.0531 -22.18 -14.57 -8.85766 -5.11109 -2.81067 -1.40771 -0.534884 -0.00228783 0.320076 0.51016 0.615402 0.665534 0.679725 0.670623 0.64673 0.613836 0.575916 0.536154 0.497565 0.460843 0.426348 0.394246 0.364579 0.337312 0.312365 0.289622 0.268951 0.250205 0.233236 0.218549 0.205734 0.194454 0.184461 0.175568 0.16763 0.16053 0.154171 0.148471 0.14336 0.138776 0.134666 0.130983 0.127684 0.124734 0.1221 0.119754 0.117671 0.115829 0.114208 0.112793 0.111569 0.110524 0.109647 0.10893 0.108366 0.107948 0.107673 0.107537 
-47.0228 -45.7839 -43.2883 -39.8653 -35.3933 -29.308 -21.4995 -13.9314 -8.30916 -4.66504 -2.45991 -1.13544 -0.324749 0.152497 0.430687 0.585909 0.663575 0.691874 0.688821 0.666185 0.631777 0.590837 0.546914 0.502505 0.460922 0.422372 0.386897 0.354443 0.32489 0.298081 0.273834 0.251961 0.232264 0.214536 0.198911 0.185692 0.174271 0.16428 0.155466 0.147648 0.140684 0.134465 0.128901 0.123919 0.119455 0.115454 0.111869 0.108657 0.105783 0.103214 0.100921 0.0988803 0.0970685 0.0954667 0.0940581 0.0928282 0.0917642 0.0908556 0.0900933 0.0894697 0.0889788 0.0886155 0.0883761 0.0882576 
-46.4468 -45.1906 -42.6534 -39.143 -34.5943 -28.5284 -20.7727 -13.2331 -7.70879 -4.17873 -2.07909 -0.840702 -0.109923 0.30454 0.533577 0.65044 0.698273 0.703501 0.682776 0.646793 0.602507 0.554467 0.505665 0.458091 0.414901 0.375832 0.340586 0.308886 0.280444 0.254978 0.232207 0.211888 0.193763 0.177638 0.164182 0.152793 0.142996 0.134461 0.126956 0.120314 0.114407 0.109139 0.104429 0.100215 0.0964404 0.0930595 0.0900313 0.0873203 0.0848953 0.0827288 0.0807963 0.0790765 0.0775504 0.0762016 0.0750158 0.0739804 0.0730847 0.0723196 0.0716775 0.0711521 0.0707381 0.0704317 0.0702296 0.0701294 
-45.8722 -44.6005 -42.0259 -38.4269 -33.7849 -27.7133 -19.9938 -12.4605 -7.04361 -3.644 -1.66604 -0.524746 0.106907 0.448226 0.621761 0.69647 0.712504 0.694043 0.656012 0.60775 0.555121 0.501784 0.450017 0.401502 0.358724 0.320898 0.287432 0.257854 0.231706 0.208605 0.188166 0.170144 0.154166 0.140951 0.129918 0.120575 0.112553 0.105582 0.0994664 0.0940631 0.0892645 0.084988 0.0811681 0.0777512 0.0746926 0.0719539 0.0695021 0.0673083 0.0653468 0.0635952 0.0620335 0.0606443 0.059412 0.0583232 0.057366 0.0565304 0.0558074 0.0551897 0.054671 0.0542463 0.0539115 0.0536633 0.0534995 0.0534183 
-45.3023 -44.0166 -41.4091 -37.7218 -32.9707 -26.8637 -19.1575 -11.5937 -6.29475 -3.04832 -1.2156 -0.20079 0.318005 0.573884 0.684542 0.713484 0.696674 0.655213 0.601731 0.543772 0.485783 0.430256 0.37854 0.332323 0.292573 0.258205 0.228366 0.202479 0.179909 0.160246 0.14297 0.128036 0.115781 0.105613 0.0970986 0.0898857 0.0836994 0.0783331 0.0736334 0.0694867 0.0658079 0.0625318 0.059607 0.056992 0.0546521 0.0525579 0.050684 0.0490079 0.0475102 0.0461733 0.0449821 0.0439228 0.0429835 0.0421539 0.0414246 0.0407879 0.040237 0.0397661 0.0393705 0.0390463 0.0387903 0.0386004 0.0384747 0.0384123 
-44.7423 -43.4437 -40.8083 -37.0348 -32.1602 -25.9837 -18.2602 -10.6057 -5.43452 -2.37477 -0.716832 0.114062 0.499467 0.659584 0.702796 0.685328 0.637658 0.576876 0.512645 0.450148 0.392 0.339168 0.292114 0.252119 0.218499 0.190098 0.16579 0.145171 0.127359 0.111983 0.0992648 0.0887558 0.0800798 0.0728703 0.0668285 0.0617114 0.0573273 0.0535298 0.0502085 0.0472813 0.0446865 0.0423771 0.0403163 0.0384745 0.0368271 0.0353533 0.0340352 0.0328569 0.0318045 0.0308656 0.0300295 0.0292863 0.0286276 0.0280459 0.0275347 0.0270884 0.0267021 0.0263717 0.026094 0.025866 0.0256856 0.0255513 0.0254621 0.0254175 
-44.2004 -42.8896 -40.2312 -36.376 -31.3668 -25.0832 -17.3042 -9.46079 -4.42206 -1.61255 -0.203035 0.393486 0.619863 0.674751 0.650335 0.591571 0.520949 0.449987 0.384437 0.32629 0.27596 0.23259 0.196153 0.16607 0.141565 0.121444 0.104127 0.089782 0.0781185 0.0685667 0.0606246 0.0540655 0.0486498 0.0441543 0.0403912 0.0372082 0.034485 0.0321291 0.0300708 0.0282581 0.0266521 0.0252233 0.0239486 0.0228098 0.0217915 0.0208809 0.020067 0.0193397 0.0186906 0.0181119 0.0175968 0.0171392 0.0167338 0.0163758 0.0160613 0.0157867 0.0155489 0.0153455 0.0151742 0.0150333 0.0149214 0.0148373 0.0147807 0.0147517 
-43.6883 -42.3654 -39.6893 -35.7595 -30.6108 -24.1839 -16.3066 -8.11896 -3.18825 -0.752684 0.24112 0.558293 0.613897 0.570084 0.493827 0.413394 0.339612 0.27643 0.225064 0.183511 0.150526 0.124107 0.102264 0.0846415 0.0706866 0.0595265 0.0510375 0.0438956 0.0380136 0.0332219 0.0292741 0.0260245 0.0233481 0.0211326 0.0192826 0.017721 0.016387 0.015234 0.0142271 0.0133405 0.012555 0.0118561 0.0112326 0.0106757 0.0101778 0.00973282 0.00933524 0.00898027 0.00866364 0.00838155 0.0081306 0.0079078 0.00771048 0.00753633 0.00738332 0.00724969 0.00713396 0.00703484 0.00695124 0.00688222 0.00682687 0.00678436 0.00675401 0.00673632 
-43.2222 -41.8866 -39.1981 -35.204 -29.922 -23.3285 -15.3226 -6.57445 -1.63558 0.0251695 0.435875 0.464003 0.38984 0.301552 0.226077 0.168667 0.125624 0.0936292 0.0720226 0.0564912 0.0449225 0.035939 0.029445 0.0243745 0.0201493 0.0167587 0.0142537 0.0121989 0.0105059 0.00913057 0.00800651 0.00708697 0.00633377 0.00571336 0.00519735 0.00476284 0.00439204 0.00407151 0.00379138 0.00354442 0.00332535 0.00313024 0.00295608 0.00280045 0.00266137 0.00253711 0.00242615 0.00232717 0.00223895 0.00216042 0.00209062 0.00202868 0.00197386 0.00192548 0.00188298 0.00184586 0.00181369 0.0017861 0.00176277 0.00174338 0.00172746 0.0017142 0.00170182 0.0016866 
