8.08337 14.8711 20.1716 23.7959 25.7983 26.4093 25.9194 24.6018 22.6906 20.3832 17.851 15.249 12.7169 10.3759 8.3268 6.64073 5.38093 4.81593 4.38955 3.53286 2.6624 1.90975 1.32919 0.915022 0.634298 0.45434 0.336374 0.253525 0.189062 0.136828 0.0937987 0.057975 0.0278398 0.002175 -0.0200409 -0.0396975 -0.0575902 -0.0744376 -0.0908856 -0.107511 -0.12486 -0.143305 -0.163208 -0.185244 -0.209778 -0.237044 -0.267161 -0.300677 -0.338249 -0.380357 -0.427646 -0.480787 -0.540345 -0.607226 -0.682824 -0.768737 -0.866552 -0.976894 -1.09906 -1.23019 -1.36376 -1.4884 -1.58837 
5.65696 10.7818 14.9838 17.9878 19.7317 20.34 20.0273 19.0178 17.5142 15.69 13.6915 11.647 9.66959 7.85892 6.30961 5.11335 4.39431 4.30846 4.33692 4.02602 3.54098 3.00453 2.46369 1.95401 1.51049 1.14632 0.85537 0.63071 0.457182 0.31927 0.207072 0.113861 0.0348712 -0.0334414 -0.0938784 -0.148775 -0.200162 -0.249851 -0.299467 -0.350443 -0.404268 -0.462028 -0.52457 -0.593408 -0.669574 -0.754407 -0.849464 -0.955051 -1.0719 -1.20162 -1.34596 -1.50648 -1.68406 -1.87941 -2.09291 -2.32422 -2.5721 -2.83529 -3.10971 -3.38883 -3.66363 -3.92291 -4.15493 
3.89134 7.64945 10.8995 13.3255 14.7823 15.314 15.0762 14.253 13.0217 11.5363 9.92188 8.28606 6.71956 5.30043 4.11008 3.22687 2.75223 2.7574 2.95644 2.99215 2.83878 2.57942 2.26977 1.9454 1.62333 1.31326 1.02992 0.777375 0.561714 0.381613 0.230242 0.101104 -0.0110653 -0.110489 -0.200693 -0.284725 -0.365305 -0.444939 -0.52592 -0.610082 -0.699692 -0.796732 -0.90294 -1.01806 -1.14383 -1.282 -1.43426 -1.60177 -1.78599 -1.9881 -2.20974 -2.45299 -2.71964 -3.00984 -3.31975 -3.64603 -3.98514 -4.33127 -4.67939 -5.02306 -5.35384 -5.66117 -5.93202 
2.65682 5.3644 7.82595 9.73247 10.8959 11.3081 11.0826 10.3696 9.32266 8.07727 6.73942 5.40046 4.13451 3.00173 2.07319 1.41223 1.09609 1.18381 1.54291 1.81014 1.88817 1.84195 1.71362 1.53768 1.33564 1.12069 0.904094 0.693519 0.498431 0.321605 0.163296 0.0213924 -0.106968 -0.224782 -0.335079 -0.440789 -0.544714 -0.64964 -0.758316 -0.873066 -0.993743 -1.12177 -1.25911 -1.40761 -1.56834 -1.7424 -1.93185 -2.13793 -2.36032 -2.59757 -2.84742 -3.10774 -3.37778 -3.65756 -3.95038 -4.25792 -4.58094 -4.92014 -5.2752 -5.64445 -6.02327 -6.40065 -6.75462 
1.80094 3.72606 5.55903 7.01902 7.90193 8.17041 7.91345 7.2577 6.33756 5.27119 4.14483 3.03603 2.00507 1.10193 0.385132 -0.0615554 -0.195865 -0.0471678 0.275527 0.668886 0.973848 1.08997 1.09687 1.03393 0.924395 0.784677 0.631869 0.476631 0.322131 0.171559 0.026655 -0.110967 -0.241577 -0.366402 -0.487425 -0.606964 -0.727486 -0.851971 -0.980076 -1.11193 -1.24956 -1.3946 -1.54891 -1.71402 -1.88949 -2.07332 -2.26255 -2.45699 -2.65731 -2.86473 -3.07994 -3.30323 -3.53471 -3.77499 -4.02494 -4.28594 -4.55987 -4.84952 -5.15858 -5.49191 -5.85467 -6.24853 -6.66156 
1.20122 2.54786 3.89046 4.98537 5.62807 5.76462 5.46872 4.8492 4.02468 3.09835 2.13849 1.21349 0.365315 -0.318367 -0.807057 -1.06619 -1.07889 -0.901823 -0.619765 -0.233115 0.129125 0.377233 0.496583 0.525624 0.493569 0.421751 0.325349 0.214705 0.0952101 -0.0283331 -0.152358 -0.276041 -0.399103 -0.52216 -0.645773 -0.771357 -0.900718 -1.03146 -1.16515 -1.30305 -1.44574 -1.59292 -1.74367 -1.89737 -2.05403 -2.21428 -2.37838 -2.54626 -2.71782 -2.89298 -3.07188 -3.25446 -3.44048 -3.62966 -3.8217 -4.0166 -4.21483 -4.41781 -4.62862 -4.85352 -5.10413 -5.39859 -5.75425 
0.781387 1.70354 2.66837 3.47026 3.91355 3.93626 3.60349 3.01143 2.26618 1.45728 0.636852 -0.115411 -0.756497 -1.25 -1.56319 -1.68455 -1.62377 -1.43711 -1.18695 -0.87743 -0.542979 -0.23676 -0.0453047 0.0546063 0.0867262 0.0709942 0.0222107 -0.0491889 -0.136423 -0.234428 -0.339606 -0.449483 -0.562732 -0.679007 -0.799013 -0.922661 -1.04687 -1.1722 -1.29855 -1.42614 -1.55538 -1.68659 -1.82018 -1.95532 -2.09188 -2.22994 -2.36957 -2.51057 -2.6525 -2.79481 -2.93696 -3.0782 -3.21746 -3.35336 -3.48414 -3.60772 -3.72167 -3.82325 -3.90958 -3.97865 -4.03201 -4.08223 -4.16764 
0.485272 1.0958 1.77135 2.3432 2.6305 2.56779 2.21359 1.65352 0.983498 0.278579 -0.377666 -0.967818 -1.44733 -1.7903 -1.98085 -2.01779 -1.92378 -1.74444 -1.52793 -1.29265 -1.02383 -0.746087 -0.507165 -0.356052 -0.274782 -0.245896 -0.255361 -0.292801 -0.350855 -0.424136 -0.508721 -0.60177 -0.701443 -0.806492 -0.915602 -1.02595 -1.13742 -1.24987 -1.36314 -1.47712 -1.59176 -1.70716 -1.82325 -1.93974 -2.05632 -2.17278 -2.28884 -2.40404 -2.51765 -2.62879 -2.73638 -2.83906 -2.93503 -3.02196 -3.09685 -3.15582 -3.19379 -3.20394 -3.17664 -3.09788 -2.94591 -2.68596 -2.26426 
0.27805 0.660544 1.11588 1.50819 1.67494 1.55098 1.18925 0.666758 0.0888809 -0.488229 -1.01277 -1.4662 -1.82028 -2.05017 -2.15344 -2.14649 -2.05078 -1.89934 -1.71709 -1.52443 -1.31159 -1.08671 -0.865405 -0.690714 -0.577695 -0.516247 -0.494918 -0.504223 -0.536888 -0.587451 -0.651802 -0.726853 -0.81028 -0.89996 -0.992942 -1.0883 -1.18538 -1.28368 -1.38279 -1.48235 -1.58206 -1.68159 -1.78069 -1.87919 -1.9767 -2.07276 -2.16685 -2.25827 -2.34609 -2.42915 -2.50605 -2.57499 -2.63374 -2.67938 -2.70821 -2.71541 -2.69462 -2.63722 -2.53092 -2.35759 -2.08802 -1.67306 -1.00596 
0.133694 0.348977 0.637011 0.890777 0.968239 0.807599 0.453562 0.00505881 -0.4789 -0.949417 -1.36388 -1.71209 -1.96566 -2.11402 -2.16881 -2.14509 -2.0611 -1.93906 -1.79536 -1.63681 -1.46848 -1.2896 -1.10954 -0.94274 -0.816017 -0.733915 -0.690469 -0.677872 -0.689562 -0.720354 -0.766159 -0.823793 -0.890413 -0.963106 -1.0402 -1.12048 -1.20301 -1.28703 -1.37194 -1.45718 -1.54225 -1.62663 -1.70959 -1.79123 -1.87104 -1.94839 -2.02259 -2.09279 -2.15791 -2.21663 -2.26737 -2.30814 -2.33649 -2.34933 -2.34275 -2.31177 -2.24996 -2.14885 -1.99675 -1.77773 -1.46685 -1.02959 -0.46874 
0.0333174 0.130451 0.290356 0.437336 0.447994 0.276043 -0.0400106 -0.421328 -0.821678 -1.20011 -1.52572 -1.78797 -1.96335 -2.06039 -2.08956 -2.06336 -1.99585 -1.9017 -1.79149 -1.66873 -1.53551 -1.39302 -1.24687 -1.10584 -0.986142 -0.897351 -0.840539 -0.812297 -0.807745 -0.822271 -0.852039 -0.893636 -0.944189 -1.00147 -1.06377 -1.12976 -1.19836 -1.26868 -1.33994 -1.41148 -1.48265 -1.5528 -1.62112 -1.68727 -1.75102 -1.81157 -1.86818 -1.91988 -1.96552 -2.00371 -2.0328 -2.05078 -2.05518 -2.04296 -2.01033 -1.95254 -1.86359 -1.7359 -1.55871 -1.31783 -0.998783 -0.598879 -0.21176 
-0.0373582 -0.0239451 0.0436845 0.110258 0.0793418 -0.0873544 -0.360403 -0.679492 -1.0062 -1.30852 -1.56336 -1.75482 -1.87725 -1.94206 -1.95829 -1.93579 -1.88483 -1.815 -1.73319 -1.64172 -1.53828 -1.42634 -1.31017 -1.19589 -1.0911 -1.00634 -0.94565 -0.908644 -0.892734 -0.894609 -0.910955 -0.938804 -0.97561 -1.01934 -1.06836 -1.12132 -1.17707 -1.23466 -1.29322 -1.35201 -1.41028 -1.46733 -1.52238 -1.57491 -1.6243 -1.67003 -1.71135 -1.74721 -1.77642 -1.79762 -1.80917 -1.80909 -1.79502 -1.76404 -1.71263 -1.63632 -1.52939 -1.38463 -1.19344 -0.946234 -0.641143 -0.324317 -0.109657 
-0.0866456 -0.131858 -0.129023 -0.1183 -0.174138 -0.329143 -0.561578 -0.825434 -1.08938 -1.32903 -1.52672 -1.66479 -1.75063 -1.79448 -1.80395 -1.78658 -1.74975 -1.69967 -1.64097 -1.57332 -1.495 -1.40943 -1.31927 -1.22846 -1.14195 -1.06722 -1.00914 -0.96925 -0.94679 -0.939806 -0.945901 -0.962711 -0.988106 -1.02028 -1.0577 -1.09908 -1.14328 -1.18934 -1.23635 -1.28353 -1.3301 -1.37531 -1.41843 -1.45881 -1.4958 -1.52883 -1.557 -1.57942 -1.59495 -1.60225 -1.59973 -1.58549 -1.55727 -1.51228 -1.44712 -1.35759 -1.23868 -1.08415 -0.887709 -0.649769 -0.395831 -0.178295 -0.0563193 
-0.120725 -0.206507 -0.248263 -0.274621 -0.343541 -0.483604 -0.679379 -0.895721 -1.10786 -1.29681 -1.44899 -1.55104 -1.61085 -1.64041 -1.64567 -1.63248 -1.60625 -1.57122 -1.52859 -1.47873 -1.42187 -1.35897 -1.29118 -1.22108 -1.1522 -1.0896 -1.03772 -0.99896 -0.973777 -0.961346 -0.96017 -0.968535 -0.984758 -1.00731 -1.03484 -1.06616 -1.10019 -1.136 -1.1727 -1.20949 -1.24559 -1.28028 -1.31281 -1.34252 -1.36874 -1.39081 -1.4079 -1.41911 -1.42335 -1.41934 -1.40555 -1.38016 -1.34101 -1.28543 -1.21026 -1.11162 -0.985226 -0.82621 -0.635979 -0.42693 -0.227839 -0.0923575 -0.0249124 
-0.143781 -0.257106 -0.328888 -0.379102 -0.45375 -0.578613 -0.742931 -0.919982 -1.09008 -1.23852 -1.3551 -1.4316 -1.47468 -1.49424 -1.49593 -1.48468 -1.46475 -1.43908 -1.40851 -1.37332 -1.3336 -1.28899 -1.23965 -1.18709 -1.13382 -1.08326 -1.03905 -1.00374 -0.978473 -0.963227 -0.957244 -0.9594 -0.96845 -0.98317 -1.00241 -1.02512 -1.05034 -1.07716 -1.10477 -1.13238 -1.15925 -1.18466 -1.20791 -1.22831 -1.24522 -1.25793 -1.26566 -1.26751 -1.26245 -1.24923 -1.2264 -1.19222 -1.14462 -1.08107 -0.998731 -0.89408 -0.764027 -0.610097 -0.438529 -0.266607 -0.123451 -0.0389381 -0.00492961 
-0.159168 -0.290959 -0.382657 -0.447652 -0.523229 -0.633378 -0.771269 -0.916469 -1.05326 -1.17025 -1.26 -1.31788 -1.34924 -1.36174 -1.36052 -1.34993 -1.33358 -1.31388 -1.29175 -1.26738 -1.24055 -1.20989 -1.17505 -1.13671 -1.09656 -1.05684 -1.02039 -0.989574 -0.965798 -0.949546 -0.940607 -0.938339 -0.941885 -0.950316 -0.962699 -0.978136 -0.995777 -1.01482 -1.03449 -1.05408 -1.07286 -1.09016 -1.10531 -1.11765 -1.12653 -1.13127 -1.13108 -1.12511 -1.11236 -1.09163 -1.06152 -1.02038 -0.966258 -0.896766 -0.809274 -0.702422 -0.576198 -0.433878 -0.285563 -0.150382 -0.054142 -0.00395881 0.00841854 
-0.169194 -0.31314 -0.41779 -0.491599 -0.56559 -0.662678 -0.77907 -0.898949 -1.00972 -1.10259 -1.17224 -1.2163 -1.23903 -1.24632 -1.24266 -1.23193 -1.21734 -1.20116 -1.18445 -1.16737 -1.14935 -1.12879 -1.10486 -1.0776 -1.04797 -1.01741 -0.988038 -0.96186 -0.940322 -0.924169 -0.913551 -0.908192 -0.907555 -0.910972 -0.917714 -0.927044 -0.938231 -0.950568 -0.963369 -0.975967 -0.987709 -0.997955 -1.00607 -1.01144 -1.01342 -1.01134 -1.00445 -0.991925 -0.972789 -0.945905 -0.909917 -0.863217 -0.80398 -0.730693 -0.641967 -0.53736 -0.418829 -0.292204 -0.169459 -0.0679023 -0.00509468 0.0207449 0.0179905 
-0.17565 -0.327524 -0.440515 -0.519296 -0.590339 -0.67604 -0.77511 -0.875193 -0.966045 -1.04078 -1.0956 -1.12949 -1.14582 -1.14919 -1.14345 -1.13207 -1.11799 -1.10346 -1.08968 -1.07691 -1.06438 -1.05058 -1.03436 -1.01528 -0.993695 -0.970453 -0.94706 -0.92514 -0.906013 -0.890521 -0.87903 -0.871517 -0.867695 -0.867111 -0.869218 -0.873424 -0.879123 -0.885705 -0.892565 -0.899103 -0.904726 -0.908842 -0.910864 -0.910199 -0.906237 -0.898331 -0.885758 -0.867701 -0.843204 -0.811197 -0.770499 -0.719777 -0.657713 -0.583155 -0.495682 -0.39618 -0.288241 -0.1794 -0.0817767 -0.00918716 0.0297244 0.0384994 0.0250104 
-0.179731 -0.336717 -0.455009 -0.536412 -0.604127 -0.680376 -0.765818 -0.850648 -0.926416 -0.987642 -1.03161 -1.05801 -1.06959 -1.06996 -1.06243 -1.05009 -1.03568 -1.02141 -1.00866 -0.997797 -0.988118 -0.978288 -0.967039 -0.953588 -0.937788 -0.920058 -0.901402 -0.883057 -0.866149 -0.851501 -0.839581 -0.830537 -0.824256 -0.820451 -0.818724 -0.818619 -0.819641 -0.821276 -0.823 -0.824283 -0.824588 -0.823377 -0.820102 -0.814207 -0.805111 -0.792192 -0.774765 -0.752064 -0.723228 -0.687299 -0.643236 -0.589992 -0.526661 -0.452705 -0.368548 -0.276266 -0.180656 -0.0899125 -0.0149304 0.034213 0.0552046 0.0515828 0.0302632 
-0.182319 -0.342629 -0.464311 -0.546948 -0.611343 -0.679808 -0.75463 -0.827896 -0.892455 -0.943819 -0.979975 -1.00099 -1.00909 -1.00719 -0.998144 -0.984699 -0.969418 -0.95446 -0.941322 -0.930572 -0.921683 -0.913579 -0.905022 -0.895032 -0.883041 -0.869173 -0.854008 -0.838416 -0.823322 -0.809469 -0.797334 -0.787139 -0.778891 -0.772435 -0.767499 -0.763738 -0.760756 -0.758127 -0.755401 -0.752114 -0.747791 -0.741943 -0.734068 -0.723651 -0.710148 -0.692975 -0.671496 -0.645009 -0.612746 -0.573878 -0.527557 -0.473027 -0.409799 -0.337958 -0.258721 -0.175093 -0.0925583 -0.0190663 0.0365045 0.0675122 0.0746462 0.0615995 0.0343243 
-0.183977 -0.346483 -0.470365 -0.553488 -0.614914 -0.677193 -0.743899 -0.808514 -0.864847 -0.9091 -0.939705 -0.956896 -0.962492 -0.958895 -0.948574 -0.933996 -0.917536 -0.901291 -0.886831 -0.874921 -0.865295 -0.857179 -0.849445 -0.841039 -0.831255 -0.819837 -0.807033 -0.793412 -0.779652 -0.766367 -0.754011 -0.742843 -0.732944 -0.724249 -0.716583 -0.709691 -0.703261 -0.696942 -0.690356 -0.683099 -0.674752 -0.664878 -0.653023 -0.638714 -0.621448 -0.600691 -0.57586 -0.54633 -0.511431 -0.47048 -0.422843 -0.368066 -0.306085 -0.237567 -0.164408 -0.0902549 -0.0207801 0.036889 0.0760515 0.0931006 0.0896481 0.0693919 0.0375155 
-0.185103 -0.349139 -0.474533 -0.557784 -0.616647 -0.674032 -0.734602 -0.792858 -0.843279 -0.882523 -0.909286 -0.923843 -0.927695 -0.92286 -0.911499 -0.895836 -0.878066 -0.860205 -0.843857 -0.82997 -0.818591 -0.80925 -0.800987 -0.792774 -0.783821 -0.773607 -0.762113 -0.749644 -0.736658 -0.723631 -0.710951 -0.698873 -0.687517 -0.676877 -0.666846 -0.65724 -0.647818 -0.638293 -0.628348 -0.617637 -0.605793 -0.592429 -0.577138 -0.559489 -0.539029 -0.515272 -0.4877 -0.455767 -0.418917 -0.376621 -0.32847 -0.274317 -0.214509 -0.150226 -0.0838886 -0.0194767 0.0375625 0.081247 0.10688 0.112922 0.101285 0.075474 0.0400254 
-0.185933 -0.351116 -0.477637 -0.560898 -0.617677 -0.671298 -0.727311 -0.780964 -0.827205 -0.862989 -0.887155 -0.899949 -0.902627 -0.896914 -0.884721 -0.868065 -0.848976 -0.829361 -0.810872 -0.794594 -0.780905 -0.769559 -0.759823 -0.750761 -0.741462 -0.731369 -0.720258 -0.708201 -0.695457 -0.682352 -0.669189 -0.656194 -0.643493 -0.631113 -0.618995 -0.607008 -0.594966 -0.582639 -0.569762 -0.556041 -0.541157 -0.524768 -0.506514 -0.48601 -0.462849 -0.436602 -0.406818 -0.373039 -0.334826 -0.291819 -0.243832 -0.19102 -0.134108 -0.0746944 -0.0155453 0.0393037 0.084923 0.116557 0.13114 0.128391 0.110336 0.080207 0.0419834 
-0.186627 -0.352765 -0.480229 -0.563514 -0.618631 -0.669365 -0.722035 -0.772428 -0.815795 -0.849271 -0.871754 -0.883431 -0.885365 -0.879054 -0.866214 -0.848685 -0.828344 -0.807053 -0.786413 -0.76761 -0.751259 -0.737391 -0.725506 -0.714795 -0.704339 -0.693553 -0.68208 -0.669812 -0.656833 -0.643328 -0.629506 -0.615545 -0.601557 -0.587581 -0.573588 -0.559486 -0.545133 -0.530343 -0.514897 -0.498546 -0.481014 -0.462005 -0.441199 -0.41826 -0.39283 -0.364535 -0.332998 -0.297854 -0.258788 -0.215608 -0.168353 -0.117459 -0.0639754 -0.00981334 0.0420932 0.0878751 0.123277 0.144686 0.15024 0.140453 0.117337 0.0838446 0.0434812 
-0.187271 -0.354276 -0.482612 -0.566007 -0.619858 -0.668428 -0.718692 -0.766822 -0.808269 -0.84026 -0.861706 -0.872726 -0.874224 -0.867531 -0.854202 -0.83593 -0.814484 -0.79162 -0.768913 -0.747616 -0.728489 -0.711845 -0.69741 -0.684536 -0.67236 -0.660293 -0.647893 -0.634916 -0.621302 -0.607113 -0.592462 -0.577469 -0.56222 -0.546752 -0.531051 -0.515051 -0.498642 -0.481676 -0.46397 -0.445315 -0.425476 -0.404195 -0.381198 -0.35619 -0.328864 -0.298908 -0.266017 -0.229925 -0.190444 -0.14755 -0.101493 -0.0529615 -0.00326808 0.0454783 0.0903302 0.127737 0.154161 0.166968 0.16519 0.149761 0.122654 0.0865609 0.0445828 
-0.187919 -0.355771 -0.484978 -0.568598 -0.621503 -0.668452 -0.717008 -0.763618 -0.803839 -0.834939 -0.855809 -0.866495 -0.867782 -0.860869 -0.847185 -0.828304 -0.805892 -0.7816 -0.756966 -0.733285 -0.711464 -0.692013 -0.674858 -0.659517 -0.64527 -0.63153 -0.617797 -0.603735 -0.589172 -0.574062 -0.558435 -0.542346 -0.525849 -0.508969 -0.491694 -0.473975 -0.455726 -0.436827 -0.417127 -0.396451 -0.3746 -0.351354 -0.326477 -0.299719 -0.270826 -0.239546 -0.205651 -0.168973 -0.129454 -0.0872296 -0.0427462 0.00309539 0.0487904 0.0921365 0.130296 0.160125 0.178773 0.184403 0.176682 0.156755 0.126534 0.0884716 0.0453302 
-0.188593 -0.357305 -0.487415 -0.57138 -0.623613 -0.669369 -0.716739 -0.762362 -0.80185 -0.832467 -0.853072 -0.863644 -0.864874 -0.857861 -0.843933 -0.824566 -0.801326 -0.775776 -0.749408 -0.72354 -0.6992 -0.677041 -0.657166 -0.639244 -0.622742 -0.607083 -0.591746 -0.576332 -0.560587 -0.544376 -0.527653 -0.510417 -0.492682 -0.474455 -0.455721 -0.436437 -0.416534 -0.395914 -0.374452 -0.352003 -0.328398 -0.303454 -0.276973 -0.248748 -0.218577 -0.186269 -0.151677 -0.11473 -0.0754945 -0.0342589 0.00835974 0.0512913 0.0929098 0.131011 0.162958 0.186043 0.198041 0.197736 0.185209 0.16174 0.129141 0.0896528 0.0457504 
-0.189303 -0.358906 -0.489969 -0.574394 -0.626166 -0.67104 -0.717602 -0.762624 -0.801722 -0.832138 -0.852688 -0.863293 -0.86457 -0.857542 -0.843462 -0.823719 -0.799793 -0.773167 -0.745288 -0.717479 -0.690851 -0.666167 -0.643679 -0.623222 -0.604404 -0.586701 -0.569596 -0.552656 -0.535567 -0.518128 -0.500227 -0.481811 -0.462855 -0.443342 -0.42325 -0.402538 -0.381146 -0.358991 -0.335973 -0.311969 -0.286841 -0.260437 -0.232596 -0.203156 -0.171963 -0.138892 -0.103873 -0.0669323 -0.028256 0.0117316 0.0522695 0.0921648 0.129736 0.162852 0.18913 0.206301 0.212671 0.207503 0.191151 0.164944 0.130594 0.0901563 0.0458609 
-0.19005 -0.36058 -0.492649 -0.577637 -0.629118 -0.673345 -0.719371 -0.764058 -0.803001 -0.8334 -0.854028 -0.864755 -0.866146 -0.859166 -0.845005 -0.824984 -0.800509 -0.772994 -0.743837 -0.714354 -0.685707 -0.658735 -0.633821 -0.610951 -0.589854 -0.570079 -0.551132 -0.532572 -0.514045 -0.4953 -0.476173 -0.456564 -0.436413 -0.415678 -0.394325 -0.372309 -0.349576 -0.326058 -0.301668 -0.276307 -0.249863 -0.222213 -0.193233 -0.162802 -0.13082 -0.0972219 -0.0620161 -0.025323 0.0125627 0.051097 0.0894058 0.126219 0.159857 0.18832 0.209504 0.221554 0.22322 0.214121 0.194789 0.166529 0.130975 0.0900175 0.0456734 
-0.190832 -0.362324 -0.495452 -0.581093 -0.63241 -0.676155 -0.721835 -0.766371 -0.805314 -0.835815 -0.856603 -0.867506 -0.86905 -0.862159 -0.847976 -0.827767 -0.802872 -0.774648 -0.744444 -0.713557 -0.68317 -0.654179 -0.627071 -0.601962 -0.578692 -0.556888 -0.536099 -0.515888 -0.495885 -0.475802 -0.455434 -0.434642 -0.413333 -0.391444 -0.368923 -0.345722 -0.321789 -0.297063 -0.271471 -0.244934 -0.217363 -0.188664 -0.158746 -0.127532 -0.0949693 -0.0610583 -0.0258799 0.010357 0.0472595 0.0841844 0.120176 0.153929 0.183814 0.207997 0.224667 0.232338 0.230128 0.217917 0.196334 0.166615 0.130346 0.0892639 0.0451975 
-0.191642 -0.364129 -0.498365 -0.584736 -0.635989 -0.679368 -0.724832 -0.769339 -0.808382 -0.839055 -0.860046 -0.871153 -0.872872 -0.866097 -0.851939 -0.831619 -0.806423 -0.777657 -0.746624 -0.714592 -0.682744 -0.65201 -0.62296 -0.595819 -0.570528 -0.546793 -0.524215 -0.502377 -0.480904 -0.459488 -0.437894 -0.41595 -0.393536 -0.370565 -0.346972 -0.322702 -0.2977 -0.271913 -0.245279 -0.217735 -0.189212 -0.159645 -0.128976 -0.0971681 -0.0642193 -0.0301886 0.00477161 0.0403722 0.0761352 0.111339 0.144978 0.175748 0.202107 0.222409 0.235127 0.239102 0.233751 0.219145 0.195956 0.165299 0.128763 0.0879252 0.0444453 
-0.192476 -0.365985 -0.501373 -0.58854 -0.639801 -0.682895 -0.728228 -0.772785 -0.811987 -0.842872 -0.864088 -0.875408 -0.87731 -0.87067 -0.856575 -0.836211 -0.810817 -0.78166 -0.749995 -0.717057 -0.684013 -0.651809 -0.621075 -0.592127 -0.564993 -0.539462 -0.515189 -0.491788 -0.46889 -0.446178 -0.423397 -0.40035 -0.376894 -0.352922 -0.328355 -0.303128 -0.277187 -0.250478 -0.222953 -0.19456 -0.165252 -0.134988 -0.103742 -0.071518 -0.0383608 -0.00438666 0.0301862 0.0649972 0.0994983 0.132912 0.164208 0.192117 0.21521 0.232038 0.241338 0.242234 0.234384 0.218006 0.193793 0.162705 0.126305 0.0860417 0.0434331 
-0.193327 -0.367882 -0.504461 -0.592481 -0.643807 -0.686667 -0.731925 -0.776579 -0.815973 -0.847086 -0.868532 -0.880065 -0.88215 -0.875657 -0.861653 -0.8413 -0.8158 -0.786382 -0.754262 -0.720633 -0.686634 -0.653218 -0.621052 -0.590525 -0.561745 -0.534575 -0.508729 -0.483858 -0.459609 -0.435663 -0.411755 -0.38767 -0.363247 -0.33836 -0.312918 -0.286848 -0.260091 -0.232598 -0.204326 -0.175236 -0.145299 -0.1145 -0.082843 -0.050368 -0.0171671 0.0165903 0.050627 0.0845212 0.11767 0.14926 0.178264 0.203471 0.22358 0.237338 0.243721 0.242093 0.232299 0.214666 0.189903 0.15897 0.123036 0.0836463 0.0421757 
-0.194192 -0.369811 -0.507617 -0.59654 -0.647972 -0.690629 -0.735844 -0.780622 -0.820225 -0.851571 -0.873242 -0.884979 -0.887244 -0.880901 -0.86701 -0.846714 -0.821182 -0.791619 -0.759193 -0.72506 -0.690325 -0.65593 -0.622573 -0.590692 -0.560466 -0.531828 -0.504549 -0.478321 -0.452815 -0.427718 -0.402759 -0.377714 -0.352406 -0.326697 -0.300482 -0.273681 -0.246232 -0.218085 -0.189204 -0.159563 -0.129149 -0.0979679 -0.0660548 -0.0334849 -0.000392865 0.0330035 0.0663751 0.0992501 0.130986 0.160756 0.187553 0.210244 0.227665 0.23875 0.242687 0.239036 0.22779 0.209357 0.184464 0.154034 0.119018 0.0807843 0.0406951 
-0.195065 -0.371766 -0.51083 -0.600701 -0.65227 -0.694743 -0.739932 -0.784846 -0.824662 -0.856237 -0.878123 -0.890053 -0.892489 -0.886296 -0.872533 -0.85233 -0.826832 -0.797214 -0.76461 -0.730132 -0.69485 -0.659689 -0.625359 -0.592339 -0.560866 -0.530935 -0.502373 -0.474916 -0.44826 -0.422107 -0.396186 -0.370268 -0.344165 -0.317729 -0.290845 -0.263424 -0.235401 -0.206728 -0.177374 -0.147321 -0.116573 -0.0851573 -0.0531355 -0.0206162 0.0122271 0.0451337 0.0777309 0.109509 0.139801 0.167782 0.192487 0.212872 0.227909 0.236708 0.238637 0.233419 0.221157 0.202308 0.177598 0.147919 0.114228 0.0775004 0.0390056 
-0.195945 -0.373741 -0.514092 -0.604952 -0.656683 -0.698978 -0.744148 -0.789202 -0.829229 -0.861024 -0.883114 -0.895222 -0.897818 -0.891773 -0.878147 -0.858062 -0.832651 -0.803052 -0.770371 -0.735683 -0.700017 -0.664276 -0.629173 -0.595209 -0.562679 -0.53163 -0.50194 -0.473387 -0.445698 -0.418593 -0.391806 -0.365108 -0.338304 -0.311238 -0.283787 -0.255856 -0.227377 -0.198301 -0.168602 -0.138272 -0.107327 -0.0758159 -0.0438241 -0.0114905 0.0209768 0.053281 0.0850145 0.115641 0.144485 0.170738 0.193489 0.211793 0.224753 0.231638 0.231972 0.225603 0.212718 0.193798 0.169553 0.140829 0.108538 0.0736229 0.0370815 
-0.196829 -0.375731 -0.517397 -0.609284 -0.661197 -0.703315 -0.748465 -0.793658 -0.833889 -0.865895 -0.888173 -0.900446 -0.90319 -0.897287 -0.883801 -0.863854 -0.838565 -0.809042 -0.776367 -0.741578 -0.705666 -0.669506 -0.633806 -0.599078 -0.56567 -0.53367 -0.503003 -0.47349 -0.444889 -0.416939 -0.389387 -0.362004 -0.334595 -0.306996 -0.27908 -0.250746 -0.221923 -0.192563 -0.162643 -0.132162 -0.101152 -0.0696758 -0.0378432 -0.00581939 0.0261585 0.0577638 0.0885638 0.118007 0.145422 0.170031 0.190987 0.207443 0.218631 0.223957 0.223078 0.215942 0.202792 0.184121 0.160612 0.133062 0.102328 0.0692927 0.0348655 
-0.197714 -0.377732 -0.52074 -0.613691 -0.665804 -0.70774 -0.752865 -0.798191 -0.83862 -0.870824 -0.893276 -0.9057 -0.90858 -0.902811 -0.889466 -0.869667 -0.844523 -0.815117 -0.782512 -0.747711 -0.711663 -0.675217 -0.639071 -0.603755 -0.569631 -0.536834 -0.505336 -0.474994 -0.445601 -0.416915 -0.388699 -0.360729 -0.332808 -0.304773 -0.27649 -0.247856 -0.218797 -0.189265 -0.159239 -0.128729 -0.0977744 -0.066456 -0.0349018 -0.00329952 0.0280896 0.0589166 0.0887329 0.116983 0.14301 0.166077 0.185409 0.200255 0.209965 0.214069 0.21233 0.204774 0.191681 0.173546 0.15102 0.124852 0.095839 0.064802 0.0325735 
-0.1986 -0.379742 -0.524118 -0.61817 -0.670498 -0.712244 -0.757337 -0.80279 -0.843407 -0.875798 -0.898412 -0.910972 -0.913975 -0.90833 -0.895122 -0.875474 -0.850491 -0.821229 -0.788744 -0.753997 -0.717904 -0.681284 -0.644825 -0.609062 -0.574369 -0.540921 -0.508727 -0.477685 -0.447614 -0.4183 -0.389519 -0.361055 -0.332716 -0.304336 -0.275781 -0.246944 -0.21775 -0.188151 -0.15813 -0.127701 -0.0969157 -0.0658665 -0.0346979 -0.00361602 0.0271 0.0570865 0.0858875 0.112954 0.137653 0.159295 0.17718 0.190651 0.199166 0.202358 0.200077 0.192408 0.179656 0.162305 0.140973 0.116357 0.0891963 0.0602451 0.0302612 
-0.199485 -0.38176 -0.527528 -0.622719 -0.675277 -0.716822 -0.761874 -0.807446 -0.848244 -0.880811 -0.903574 -0.916256 -0.919368 -0.913836 -0.900756 -0.881258 -0.856442 -0.827351 -0.795016 -0.760372 -0.724303 -0.6876 -0.650938 -0.61485 -0.57972 -0.54575 -0.512987 -0.481362 -0.450725 -0.420885 -0.391633 -0.362766 -0.334096 -0.30546 -0.27672 -0.247771 -0.218536 -0.188967 -0.15905 -0.128805 -0.0982912 -0.0676115 -0.0369234 -0.00644642 0.023528 0.0526285 0.0804004 0.106309 0.129754 0.150099 0.166717 0.179041 0.186623 0.189184 0.186644 0.179131 0.166959 0.150598 0.130628 0.107694 0.082477 0.055666 0.0279479 
-0.200369 -0.383784 -0.530969 -0.627337 -0.680139 -0.721473 -0.766473 -0.812157 -0.853126 -0.885861 -0.90876 -0.921551 -0.924759 -0.919327 -0.906365 -0.887009 -0.86236 -0.833455 -0.80129 -0.766784 -0.730792 -0.694078 -0.657303 -0.620993 -0.585537 -0.551162 -0.517944 -0.485844 -0.454743 -0.424472 -0.394841 -0.365656 -0.336737 -0.307924 -0.279081 -0.250103 -0.220911 -0.191461 -0.161739 -0.131769 -0.101616 -0.0713939 -0.0412673 -0.0114652 0.0177148 0.0459006 0.0726459 0.0974376 0.119714 0.138895 0.154423 0.165814 0.172703 0.174884 0.17233 0.165197 0.153804 0.138596 0.120115 0.0989558 0.0757403 0.0510965 0.0256465 
-0.201251 -0.385812 -0.534441 -0.632023 -0.685085 -0.726196 -0.771132 -0.816921 -0.858055 -0.890947 -0.913973 -0.926861 -0.930151 -0.924805 -0.911948 -0.892726 -0.868238 -0.839518 -0.807533 -0.77319 -0.737314 -0.700646 -0.663828 -0.627382 -0.591697 -0.557017 -0.523445 -0.49097 -0.459498 -0.428884 -0.398954 -0.369529 -0.340436 -0.31152 -0.282648 -0.253714 -0.224643 -0.195388 -0.165939 -0.136323 -0.106611 -0.0769199 -0.0474216 -0.0183488 0.00999974 0.0372577 0.0629935 0.0867216 0.107922 0.126071 0.14068 0.151336 0.157747 0.159765 0.157405 0.150839 0.14038 0.126451 0.109549 0.0902226 0.0690377 0.0465655 0.0233694 
-0.202131 -0.387845 -0.537942 -0.63678 -0.690117 -0.730991 -0.775854 -0.821739 -0.863032 -0.896074 -0.919216 -0.932188 -0.935546 -0.930272 -0.917507 -0.898407 -0.874072 -0.845528 -0.813725 -0.779557 -0.743825 -0.707245 -0.670442 -0.633929 -0.598094 -0.563196 -0.529358 -0.496594 -0.464835 -0.433956 -0.403802 -0.374206 -0.345007 -0.316053 -0.287216 -0.258392 -0.229506 -0.200513 -0.171405 -0.142211 -0.113003 -0.0839034 -0.0550851 -0.0267811 0.000714453 0.0270459 0.051802 0.0745288 0.0947501 0.111998 0.125845 0.135947 0.142068 0.144109 0.142113 0.136263 0.126858 0.114294 0.0990307 0.0815662 0.0624167 0.0421007 0.0211289 
-0.203007 -0.389882 -0.541473 -0.641607 -0.695237 -0.735861 -0.780638 -0.826613 -0.868059 -0.901244 -0.924492 -0.937537 -0.940951 -0.935734 -0.923046 -0.904051 -0.879857 -0.851481 -0.819852 -0.785867 -0.750295 -0.713832 -0.677085 -0.640559 -0.604641 -0.569597 -0.535569 -0.502591 -0.470617 -0.439542 -0.40923 -0.379526 -0.350278 -0.321344 -0.292597 -0.263938 -0.235291 -0.206616 -0.177904 -0.149185 -0.120533 -0.0920704 -0.063969 -0.036458 -0.00982276 0.0155967 0.0394133 0.0612074 0.0805475 0.097018 0.11025 0.119955 0.125948 0.128165 0.126671 0.121649 0.113385 0.102244 0.0886482 0.0730507 0.0559206 0.0377282 0.0189372 
-0.203881 -0.391921 -0.545034 -0.646507 -0.700448 -0.740807 -0.785487 -0.831547 -0.87314 -0.906461 -0.929808 -0.942915 -0.946371 -0.941196 -0.928567 -0.909662 -0.88559 -0.857369 -0.825913 -0.792108 -0.756703 -0.720373 -0.683713 -0.647215 -0.611265 -0.576134 -0.541979 -0.508852 -0.476726 -0.445516 -0.415102 -0.385343 -0.356097 -0.327228 -0.298618 -0.270168 -0.241807 -0.213493 -0.185219 -0.157016 -0.128958 -0.101163 -0.073801 -0.047093 -0.021312 0.00322125 0.026147 0.0470812 0.0656363 0.0814463 0.0941947 0.103641 0.10964 0.112158 0.111271 0.107159 0.100091 0.0904034 0.0784798 0.0647331 0.0495883 0.0334722 0.0168057 
-0.204751 -0.393963 -0.548624 -0.651481 -0.705752 -0.745833 -0.790404 -0.836542 -0.878278 -0.91173 -0.935167 -0.948325 -0.95181 -0.946662 -0.934076 -0.915242 -0.891275 -0.863191 -0.831908 -0.798274 -0.763033 -0.726846 -0.69029 -0.65385 -0.617909 -0.58274 -0.548509 -0.515285 -0.48306 -0.451766 -0.421298 -0.391528 -0.362326 -0.333563 -0.305126 -0.27692 -0.248878 -0.220957 -0.193153 -0.165494 -0.138052 -0.110943 -0.084329 -0.0584209 -0.0334762 -0.00979374 0.0122959 0.0324447 0.0503074 0.065564 0.0779437 0.0872474 0.0933638 0.0962789 0.0960764 0.0929296 0.0870878 0.0788592 0.0685928 0.0566626 0.0434539 0.0293538 0.0147445 
-0.205618 -0.396007 -0.552244 -0.656531 -0.711154 -0.750942 -0.795392 -0.841601 -0.883477 -0.917056 -0.940576 -0.953775 -0.957275 -0.952139 -0.939579 -0.920798 -0.896918 -0.868955 -0.837825 -0.804353 -0.769273 -0.733232 -0.696796 -0.660439 -0.624533 -0.589359 -0.555093 -0.521817 -0.489536 -0.458199 -0.427716 -0.397972 -0.368846 -0.340219 -0.311983 -0.284048 -0.256348 -0.228843 -0.201526 -0.174427 -0.147613 -0.121194 -0.0953246 -0.0702016 -0.046065 -0.0231901 -0.00187757 0.0175603 0.0348182 0.0496179 0.061729 0.0709875 0.0773084 0.080693 0.0812275 0.0790761 0.0744686 0.0676857 0.0590438 0.0488811 0.0375466 0.0253913 0.0127624 
-0.20648 -0.398053 -0.555894 -0.661659 -0.716656 -0.756136 -0.800454 -0.846729 -0.888741 -0.922441 -0.946037 -0.959268 -0.962773 -0.957634 -0.945083 -0.926337 -0.902525 -0.874665 -0.843666 -0.810341 -0.775413 -0.739517 -0.703206 -0.666944 -0.631096 -0.595947 -0.561678 -0.528384 -0.496082 -0.464737 -0.43427 -0.40458 -0.375557 -0.347088 -0.319073 -0.291425 -0.264081 -0.237003 -0.210184 -0.183649 -0.157462 -0.131726 -0.106585 -0.0822222 -0.058857 -0.0367405 -0.0161434 0.00265647 0.019391 0.0338197 0.0457474 0.0550395 0.061632 0.0655367 0.0668395 0.0656939 0.0623102 0.0569432 0.0498787 0.0414225 0.0318901 0.0215996 0.0108664 
-0.207338 -0.4001 -0.559573 -0.666866 -0.722263 -0.761419 -0.805593 -0.851929 -0.894073 -0.927892 -0.951558 -0.964811 -0.968307 -0.963151 -0.950593 -0.931864 -0.908101 -0.880324 -0.849437 -0.816238 -0.781452 -0.745696 -0.709509 -0.673348 -0.637575 -0.602471 -0.568225 -0.534939 -0.502644 -0.471316 -0.44089 -0.411276 -0.382374 -0.354079 -0.326296 -0.298945 -0.271963 -0.245314 -0.21899 -0.193013 -0.167443 -0.142373 -0.117936 -0.0942985 -0.0716613 -0.0502497 -0.0303054 -0.0120734 0.00421259 0.0183458 0.0301615 0.0395497 0.0464629 0.05092 0.0530044 0.0528583 0.050673 0.0466788 0.0411335 0.0343131 0.0265027 0.0179903 0.00906221 
-0.208192 -0.402147 -0.563282 -0.672156 -0.727977 -0.766795 -0.810812 -0.857203 -0.899478 -0.933411 -0.957142 -0.970409 -0.973886 -0.968698 -0.956116 -0.937386 -0.913652 -0.885938 -0.855145 -0.82205 -0.787394 -0.751767 -0.715702 -0.679644 -0.643954 -0.608909 -0.574703 -0.541445 -0.509178 -0.477887 -0.44752 -0.417997 -0.389227 -0.361115 -0.33357 -0.306517 -0.279895 -0.25367 -0.227831 -0.202398 -0.177424 -0.152994 -0.129228 -0.106276 -0.0843179 -0.0635551 -0.044201 -0.02647 -0.0105645 0.0033387 0.0151014 0.0246337 0.0319014 0.0369279 0.0397927 0.0406262 0.0396019 0.0369273 0.0328345 0.0275721 0.0213976 0.0145715 0.00735368 
-0.20904 -0.404194 -0.56702 -0.677529 -0.733804 -0.772267 -0.816114 -0.862557 -0.90496 -0.939005 -0.962795 -0.976068 -0.979513 -0.97428 -0.961659 -0.942909 -0.919184 -0.891509 -0.860786 -0.827802 -0.793253 -0.75774 -0.721786 -0.685829 -0.650224 -0.615247 -0.581092 -0.547877 -0.515651 -0.484411 -0.454115 -0.424694 -0.396064 -0.368137 -0.34083 -0.314069 -0.2878 -0.261985 -0.236615 -0.211704 -0.187299 -0.163475 -0.14034 -0.118027 -0.0966968 -0.0765255 -0.0577002 -0.0404073 -0.0248209 -0.0110911 0.000666392 0.0103789 0.0180223 0.0236226 0.0272548 0.0290376 0.0291278 0.027712 0.0249987 0.0212116 0.0165829 0.0113483 0.0057432 
-0.209882 -0.406239 -0.570786 -0.682987 -0.739747 -0.777839 -0.821504 -0.867993 -0.910524 -0.944679 -0.968522 -0.981793 -0.985197 -0.979905 -0.967229 -0.948442 -0.924706 -0.897051 -0.866378 -0.833488 -0.799031 -0.763617 -0.727764 -0.691903 -0.656382 -0.621476 -0.58738 -0.554216 -0.522041 -0.490862 -0.460644 -0.431329 -0.40284 -0.375097 -0.348022 -0.321546 -0.295615 -0.270193 -0.245267 -0.22085 -0.196981 -0.173725 -0.151177 -0.129454 -0.108697 -0.0890592 -0.0707034 -0.0537899 -0.0384673 -0.0248626 -0.0130718 -0.00315341 0.0048765 0.0110454 0.0154228 0.018117 0.0192688 0.0190457 0.017635 0.0152375 0.0120624 0.00832277 0.00423171 
-0.210716 -0.40828 -0.574577 -0.688527 -0.745808 -0.783516 -0.826987 -0.873519 -0.916175 -0.950437 -0.97433 -0.987591 -0.990943 -0.98558 -0.972833 -0.953993 -0.930231 -0.902581 -0.871943 -0.839105 -0.804726 -0.769402 -0.733641 -0.697869 -0.662429 -0.627594 -0.59356 -0.560452 -0.528334 -0.49722 -0.467084 -0.437875 -0.409526 -0.381961 -0.355109 -0.328903 -0.303292 -0.27824 -0.253732 -0.229777 -0.206406 -0.183675 -0.161667 -0.140482 -0.120243 -0.101082 -0.0831387 -0.0665501 -0.0514422 -0.0379212 -0.0260667 -0.0159249 -0.00750567 -0.000781115 0.00431324 0.00787523 0.0100315 0.010932 0.0107446 0.00964967 0.00783555 0.00549433 0.00281883 
-0.211543 -0.410314 -0.578387 -0.694144 -0.751992 -0.789305 -0.832572 -0.879141 -0.921921 -0.956288 -0.980225 -0.993468 -0.996758 -0.991311 -0.97848 -0.959571 -0.935766 -0.908102 -0.877479 -0.844677 -0.810356 -0.775105 -0.739424 -0.703733 -0.668369 -0.633603 -0.59963 -0.566579 -0.53452 -0.503473 -0.473419 -0.444315 -0.4161 -0.388705 -0.362062 -0.33611 -0.310797 -0.286089 -0.261969 -0.238439 -0.215526 -0.193276 -0.171758 -0.151059 -0.131283 -0.112544 -0.0949591 -0.0786452 -0.0637079 -0.0502356 -0.0382933 -0.0279171 -0.019112 -0.0118499 -0.00607167 -0.00168876 0.00141235 0.00336595 0.00432234 0.00444332 0.00389815 0.00286 0.00150302 
-0.21236 -0.412338 -0.582208 -0.699802 -0.758311 -0.795224 -0.838272 -0.884871 -0.927771 -0.96224 -0.986215 -0.999432 -1.00265 -0.997105 -0.984175 -0.965182 -0.941316 -0.913621 -0.882996 -0.850213 -0.815929 -0.780736 -0.745125 -0.709504 -0.674209 -0.639507 -0.605593 -0.572599 -0.540597 -0.509615 -0.479641 -0.450637 -0.422548 -0.395312 -0.368864 -0.343146 -0.318109 -0.293717 -0.26995 -0.246809 -0.224311 -0.202495 -0.181418 -0.161153 -0.141786 -0.123415 -0.106139 -0.0900534 -0.0752476 -0.061794 -0.0497452 -0.0391287 -0.0299454 -0.0221678 -0.0157413 -0.010586 -0.00660031 -0.00366396 -0.00164248 -0.000390865 0.000242911 0.000414743 0.000281745 
-0.213172 -0.414362 -0.586059 -0.705324 -0.764854 -0.801313 -0.844109 -0.890723 -0.933736 -0.968299 -0.992307 -1.00549 -1.00862 -1.00297 -0.989927 -0.970833 -0.946891 -0.919148 -0.888503 -0.855727 -0.821456 -0.786309 -0.750754 -0.715194 -0.679959 -0.645314 -0.611455 -0.578513 -0.546567 -0.515647 -0.485747 -0.456836 -0.428864 -0.401774 -0.375505 -0.35 -0.325213 -0.301107 -0.277661 -0.254869 -0.232744 -0.211316 -0.19063 -0.170747 -0.151739 -0.133686 -0.116669 -0.100771 -0.0860613 -0.072601 -0.0604311 -0.0495722 -0.0400216 -0.0317525 -0.0247146 -0.018836 -0.0140253 -0.0101752 -0.00716529 -0.00486573 -0.00314007 -0.00184814 -0.000848387 
-0.213983 -0.416398 -0.589862 -0.710722 -0.771637 -0.807587 -0.850096 -0.896706 -0.939823 -0.974474 -0.998506 -1.01164 -1.01468 -1.00891 -0.995741 -0.976532 -0.952497 -0.924687 -0.894004 -0.861215 -0.826962 -0.791843 -0.756329 -0.720817 -0.685627 -0.651033 -0.617222 -0.584329 -0.552434 -0.52157 -0.491739 -0.462912 -0.435046 -0.408088 -0.381979 -0.356667 -0.332104 -0.308254 -0.285093 -0.262612 -0.240818 -0.219732 -0.19939 -0.17984 -0.161141 -0.143357 -0.126558 -0.110807 -0.0961632 -0.0826742 -0.0703721 -0.0592713 -0.0493661 -0.0406306 -0.0330184 -0.0264645 -0.020887 -0.0161897 -0.0122652 -0.00899697 -0.00626281 -0.00393675 -0.00189142 
-0.214792 -0.418441 -0.593594 -0.716053 -0.778645 -0.814041 -0.856233 -0.902823 -0.946034 -0.980769 -1.00482 -1.0179 -1.02084 -1.01493 -1.00163 -0.982287 -0.958143 -0.930251 -0.899512 -0.866696 -0.832451 -0.797346 -0.761858 -0.72638 -0.691231 -0.656677 -0.622907 -0.590055 -0.558204 -0.527391 -0.49762 -0.468868 -0.441097 -0.414255 -0.388288 -0.363146 -0.338781 -0.315157 -0.292248 -0.270041 -0.248536 -0.227748 -0.207703 -0.188439 -0.170003 -0.152445 -0.135822 -0.120184 -0.105578 -0.0920415 -0.0795985 -0.068258 -0.0580121 -0.0488354 -0.0406852 -0.0335025 -0.0272138 -0.0217331 -0.016964 -0.0128025 -0.00913889 -0.00586019 -0.00285193 
-0.215593 -0.420481 -0.597271 -0.721358 -0.785865 -0.820667 -0.862515 -0.909072 -0.952373 -0.987185 -1.01125 -1.02427 -1.0271 -1.02105 -1.00759 -0.988105 -0.963839 -0.93585 -0.905043 -0.872187 -0.837929 -0.802826 -0.767351 -0.731895 -0.696778 -0.662255 -0.628517 -0.5957 -0.563885 -0.533115 -0.503397 -0.47471 -0.44702 -0.42028 -0.394438 -0.369443 -0.345251 -0.321824 -0.299134 -0.277163 -0.255908 -0.235376 -0.215585 -0.196562 -0.178345 -0.160972 -0.144487 -0.128931 -0.114338 -0.100738 -0.0881474 -0.0765708 -0.0659983 -0.0564051 -0.0477517 -0.0399845 -0.0330373 -0.0268331 -0.0212856 -0.0163017 -0.011783 -0.00762835 -0.00373484 
-0.216386 -0.422514 -0.600917 -0.726668 -0.793287 -0.827454 -0.868937 -0.915452 -0.958839 -0.993727 -1.0178 -1.03076 -1.03346 -1.02725 -1.01363 -0.993994 -0.969592 -0.941494 -0.910606 -0.877696 -0.843407 -0.808291 -0.772817 -0.737373 -0.702277 -0.667777 -0.634064 -0.601273 -0.569489 -0.538753 -0.509078 -0.480446 -0.452825 -0.426171 -0.400434 -0.375567 -0.351523 -0.328264 -0.30576 -0.283991 -0.262948 -0.242632 -0.223053 -0.204232 -0.186193 -0.168968 -0.152588 -0.137083 -0.122482 -0.108804 -0.0960607 -0.0842522 -0.073367 -0.063381 -0.0542573 -0.0459472 -0.038391 -0.0315194 -0.0252552 -0.019515 -0.0142107 -0.00925155 -0.00454532 
-0.217168 -0.424539 -0.604548 -0.732002 -0.80091 -0.834399 -0.875497 -0.921961 -0.965434 -1.0004 -1.02447 -1.03736 -1.03993 -1.03356 -1.01976 -0.999961 -0.975412 -0.947192 -0.916211 -0.883233 -0.848898 -0.813751 -0.778266 -0.742825 -0.70774 -0.673254 -0.639558 -0.606786 -0.575023 -0.544314 -0.514672 -0.486084 -0.45852 -0.431936 -0.406288 -0.381526 -0.357606 -0.334488 -0.312141 -0.290541 -0.269675 -0.249538 -0.230134 -0.211475 -0.193578 -0.176465 -0.160159 -0.144681 -0.130052 -0.116284 -0.103383 -0.0913471 -0.0801626 -0.069806 -0.0602429 -0.0514286 -0.0433091 -0.0358221 -0.0288984 -0.0224632 -0.0164377 -0.0107404 -0.00528863 
-0.217938 -0.426554 -0.608177 -0.737373 -0.808732 -0.841499 -0.882196 -0.928603 -0.972162 -1.0072 -1.03128 -1.04409 -1.04652 -1.03998 -1.02599 -1.00601 -0.981306 -0.952952 -0.921864 -0.888807 -0.854413 -0.819216 -0.78371 -0.748262 -0.713178 -0.678698 -0.64501 -0.612248 -0.580499 -0.549808 -0.520191 -0.491635 -0.464114 -0.437587 -0.412009 -0.387333 -0.363515 -0.340512 -0.318293 -0.296831 -0.276109 -0.256116 -0.236852 -0.218321 -0.200532 -0.1835 -0.16724 -0.151766 -0.13709 -0.123221 -0.11016 -0.0979015 -0.0864304 -0.0757239 -0.0657498 -0.0564669 -0.0478263 -0.0397718 -0.0322412 -0.0251674 -0.0184798 -0.0121054 -0.00597007 
-0.218697 -0.428559 -0.611811 -0.742785 -0.816749 -0.848754 -0.889039 -0.935387 -0.979033 -1.01415 -1.03822 -1.05095 -1.05323 -1.04651 -1.03233 -1.01216 -0.987279 -0.958778 -0.92757 -0.89442 -0.859957 -0.824704 -0.789165 -0.753698 -0.718604 -0.684119 -0.650431 -0.617671 -0.585927 -0.555246 -0.525643 -0.49711 -0.46962 -0.443135 -0.417611 -0.393002 -0.369263 -0.346352 -0.324234 -0.302882 -0.282273 -0.262393 -0.243236 -0.2248 -0.207089 -0.190109 -0.17387 -0.158379 -0.143642 -0.129663 -0.116438 -0.103961 -0.0922152 -0.0811779 -0.0708187 -0.0610999 -0.0519767 -0.0433984 -0.035309 -0.0276482 -0.0203526 -0.013357 -0.00659482 
-0.219443 -0.430555 -0.615454 -0.748237 -0.824934 -0.856176 -0.896047 -0.94233 -0.986062 -1.02125 -1.04532 -1.05796 -1.06008 -1.05316 -1.03878 -1.01841 -0.993341 -0.964679 -0.933337 -0.900079 -0.865533 -0.830232 -0.794648 -0.759148 -0.72403 -0.689531 -0.655833 -0.623066 -0.591318 -0.560637 -0.531039 -0.502518 -0.475047 -0.44859 -0.423105 -0.398545 -0.374865 -0.352023 -0.329983 -0.308713 -0.288189 -0.268393 -0.249314 -0.230945 -0.213283 -0.196331 -0.180089 -0.164562 -0.14975 -0.135652 -0.122263 -0.109571 -0.0975609 -0.0862101 -0.0754895 -0.0653643 -0.0557935 -0.046731 -0.0381264 -0.0299255 -0.0220713 -0.0145053 -0.00716795 
-0.220179 -0.432546 -0.61912 -0.753744 -0.833127 -0.863845 -0.903272 -0.949467 -0.993273 -1.02852 -1.05258 -1.06512 -1.06708 -1.05995 -1.04534 -1.02476 -0.9995 -0.970667 -0.939178 -0.905803 -0.871166 -0.8358 -0.800161 -0.764617 -0.729466 -0.694942 -0.661225 -0.628443 -0.596683 -0.565994 -0.536392 -0.507871 -0.480407 -0.453966 -0.428504 -0.403976 -0.380336 -0.357543 -0.335557 -0.314345 -0.293881 -0.274143 -0.255115 -0.236786 -0.219149 -0.2022 -0.185936 -0.170356 -0.155457 -0.141233 -0.127676 -0.114774 -0.10251 -0.0908609 -0.0798003 -0.0692953 -0.0593084 -0.0497976 -0.0407173 -0.0320186 -0.0236504 -0.0155601 -0.00769431 
-0.220906 -0.434537 -0.622826 -0.759357 -0.841039 -0.871921 -0.910787 -0.956836 -1.00069 -1.03599 -1.06002 -1.07244 -1.07422 -1.06687 -1.05204 -1.03123 -1.00576 -0.976752 -0.945109 -0.911605 -0.876864 -0.841417 -0.805711 -0.770114 -0.734921 -0.700363 -0.666618 -0.633813 -0.602032 -0.571325 -0.54171 -0.51318 -0.485713 -0.459274 -0.433821 -0.409309 -0.385692 -0.362927 -0.340975 -0.319799 -0.299372 -0.279667 -0.260666 -0.242353 -0.224718 -0.207752 -0.191448 -0.175801 -0.160803 -0.146446 -0.13272 -0.119611 -0.107101 -0.0951688 -0.0837873 -0.0729264 -0.0625516 -0.0526247 -0.0431041 -0.0339458 -0.0251037 -0.0165305 -0.00817851 
-0.221624 -0.436526 -0.626568 -0.765051 -0.848755 -0.880371 -0.918587 -0.964442 -1.00832 -1.04365 -1.06763 -1.07993 -1.08152 -1.07394 -1.05887 -1.03782 -1.01214 -0.982939 -0.951138 -0.917492 -0.882634 -0.847093 -0.811308 -0.775648 -0.740406 -0.705805 -0.672023 -0.639185 -0.607376 -0.576643 -0.547005 -0.518456 -0.490974 -0.464525 -0.439068 -0.414557 -0.390947 -0.368193 -0.346255 -0.325095 -0.304682 -0.284989 -0.265993 -0.247676 -0.230022 -0.213021 -0.196661 -0.180932 -0.165826 -0.151331 -0.137435 -0.124122 -0.111374 -0.0991698 -0.0874844 -0.076289 -0.0655516 -0.0552372 -0.045308 -0.0357242 -0.0264442 -0.0174254 -0.0086249 
-0.222329 -0.438509 -0.630338 -0.770813 -0.856386 -0.889158 -0.926645 -0.972274 -1.01616 -1.0515 -1.07544 -1.0876 -1.08898 -1.08116 -1.06583 -1.04454 -1.01863 -0.989225 -0.957249 -0.923459 -0.888481 -0.852836 -0.816956 -0.781225 -0.745924 -0.711274 -0.677448 -0.64457 -0.612724 -0.581957 -0.552287 -0.523709 -0.496203 -0.469733 -0.444259 -0.419736 -0.396117 -0.373357 -0.351415 -0.330252 -0.309835 -0.290134 -0.271123 -0.252782 -0.235092 -0.218038 -0.201607 -0.185786 -0.170562 -0.155924 -0.141855 -0.128341 -0.115362 -0.102898 -0.0909235 -0.0794124 -0.0683348 -0.0576584 -0.0473489 -0.0373699 -0.027684 -0.0182527 -0.00903753 
-0.223022 -0.440482 -0.634134 -0.776643 -0.864015 -0.898264 -0.934939 -0.980317 -1.02419 -1.05955 -1.08343 -1.09544 -1.09661 -1.08854 -1.07294 -1.05139 -1.02524 -0.995622 -0.963463 -0.929519 -0.894412 -0.858657 -0.822664 -0.786856 -0.75149 -0.716782 -0.682904 -0.649978 -0.618087 -0.587277 -0.557567 -0.528952 -0.501411 -0.474909 -0.449406 -0.424857 -0.401215 -0.378434 -0.356472 -0.33529 -0.31485 -0.295123 -0.276079 -0.257697 -0.239954 -0.222833 -0.206318 -0.190394 -0.175045 -0.160258 -0.146016 -0.132303 -0.119099 -0.106384 -0.094134 -0.0823238 -0.0709257 -0.05991 -0.049245 -0.0388978 -0.0288344 -0.0190202 -0.00942018 
-0.2237 -0.442445 -0.637955 -0.782546 -0.8717 -0.907687 -0.943451 -0.988559 -1.03243 -1.06779 -1.0916 -1.10346 -1.1044 -1.09607 -1.08019 -1.05837 -1.03198 -1.00214 -0.969786 -0.935676 -0.900424 -0.864545 -0.828464 -0.792563 -0.757117 -0.722341 -0.688402 -0.655419 -0.623475 -0.592615 -0.562856 -0.534194 -0.506608 -0.480064 -0.454521 -0.429934 -0.406256 -0.38344 -0.361444 -0.340225 -0.319747 -0.299978 -0.280886 -0.262446 -0.244636 -0.227435 -0.210824 -0.194786 -0.179306 -0.164366 -0.149949 -0.136039 -0.122615 -0.109657 -0.097143 -0.0850483 -0.073347 -0.0620117 -0.0510133 -0.0403217 -0.0299059 -0.0197346 -0.00977633 
-0.224363 -0.444394 -0.641799 -0.788529 -0.879479 -0.917431 -0.952171 -0.996993 -1.04085 -1.07622 -1.09996 -1.11165 -1.11237 -1.10376 -1.0876 -1.0655 -1.03885 -1.00878 -0.976228 -0.941943 -0.906539 -0.87053 -0.834346 -0.798347 -0.762814 -0.72796 -0.693951 -0.660904 -0.628899 -0.59798 -0.568164 -0.539448 -0.511808 -0.485211 -0.459618 -0.434981 -0.411254 -0.38839 -0.366345 -0.345076 -0.324546 -0.304719 -0.285564 -0.267053 -0.249162 -0.231868 -0.215151 -0.198992 -0.183372 -0.168275 -0.153683 -0.139576 -0.125937 -0.112744 -0.0999754 -0.0876088 -0.0756196 -0.063982 -0.0526693 -0.041654 -0.0309079 -0.0204024 -0.0101092 
-0.225009 -0.44633 -0.645668 -0.794595 -0.887374 -0.92751 -0.961093 -1.00562 -1.04946 -1.08484 -1.1085 -1.12003 -1.12051 -1.11163 -1.09517 -1.07278 -1.04586 -1.01556 -0.9828 -0.948333 -0.912769 -0.876621 -0.840319 -0.804214 -0.768585 -0.733647 -0.69956 -0.666441 -0.634368 -0.603383 -0.573503 -0.544722 -0.51702 -0.490362 -0.464707 -0.44001 -0.416223 -0.393299 -0.371192 -0.34986 -0.329263 -0.309366 -0.290134 -0.271539 -0.253555 -0.236158 -0.219324 -0.203035 -0.187272 -0.172014 -0.157244 -0.142942 -0.129091 -0.115668 -0.102654 -0.0900265 -0.0777623 -0.0658375 -0.0542273 -0.0429065 -0.0318493 -0.0210296 -0.0104216 
-0.225639 -0.448251 -0.64956 -0.800749 -0.895401 -0.937937 -0.970215 -1.01443 -1.05826 -1.09365 -1.11724 -1.12861 -1.12884 -1.11967 -1.10291 -1.08022 -1.05302 -1.02247 -0.989514 -0.954857 -0.919122 -0.882826 -0.846393 -0.810171 -0.774439 -0.739409 -0.705238 -0.672042 -0.639893 -0.608835 -0.578882 -0.55003 -0.522257 -0.495528 -0.469802 -0.445034 -0.421176 -0.39818 -0.376 -0.354593 -0.333917 -0.313936 -0.294616 -0.275926 -0.257838 -0.240326 -0.223368 -0.206942 -0.191028 -0.175605 -0.160656 -0.14616 -0.132099 -0.118452 -0.1052 -0.0923205 -0.0797925 -0.0675934 -0.0557003 -0.0440897 -0.0327379 -0.0216213 -0.0107164 
-0.226252 -0.450155 -0.653476 -0.806992 -0.903569 -0.948732 -0.979537 -1.02344 -1.06726 -1.10266 -1.12618 -1.13738 -1.13737 -1.1279 -1.11083 -1.08783 -1.06034 -1.02954 -0.996378 -0.961519 -0.925603 -0.88915 -0.852579 -0.816225 -0.780384 -0.745256 -0.710997 -0.677715 -0.645485 -0.614346 -0.584314 -0.555383 -0.52753 -0.500721 -0.474916 -0.450067 -0.426128 -0.403049 -0.380785 -0.35929 -0.338525 -0.318449 -0.299029 -0.280232 -0.262029 -0.244394 -0.227303 -0.210733 -0.194663 -0.179073 -0.163942 -0.149252 -0.134984 -0.121117 -0.107632 -0.0945084 -0.0817261 -0.0692638 -0.0571 -0.045213 -0.0335811 -0.0221826 -0.0109959 
-0.226846 -0.452041 -0.657412 -0.813325 -0.911881 -0.959911 -0.989059 -1.03266 -1.07647 -1.11189 -1.13534 -1.14637 -1.1461 -1.13634 -1.11895 -1.09563 -1.06784 -1.03676 -1.00339 -0.968311 -0.932209 -0.895597 -0.858886 -0.822385 -0.786433 -0.751202 -0.716848 -0.683475 -0.651156 -0.619929 -0.58981 -0.560791 -0.532851 -0.505954 -0.48006 -0.455121 -0.431091 -0.407919 -0.38556 -0.363968 -0.343101 -0.32292 -0.303389 -0.284475 -0.266149 -0.248382 -0.23115 -0.21443 -0.198199 -0.182437 -0.167123 -0.152239 -0.137764 -0.12368 -0.109967 -0.096606 -0.0835774 -0.0708611 -0.0584371 -0.0462853 -0.0343855 -0.0227177 -0.0112623 
-0.22742 -0.453906 -0.661366 -0.819747 -0.920333 -0.971486 -0.998785 -1.0421 -1.08592 -1.12136 -1.14475 -1.15559 -1.15507 -1.14499 -1.12727 -1.10364 -1.07555 -1.04419 -1.01052 -0.975226 -0.938939 -0.902163 -0.865302 -0.828687 -0.79261 -0.757267 -0.722806 -0.689334 -0.656917 -0.625596 -0.595382 -0.566268 -0.538232 -0.511239 -0.485247 -0.460209 -0.436078 -0.412804 -0.39034 -0.36864 -0.347661 -0.327365 -0.307713 -0.288673 -0.270214 -0.252308 -0.234928 -0.218051 -0.201654 -0.185716 -0.170217 -0.155137 -0.140457 -0.126158 -0.112221 -0.0986278 -0.0853593 -0.0723968 -0.0597214 -0.0473143 -0.0351569 -0.0232307 -0.0115176 
-0.227976 -0.45575 -0.665337 -0.826257 -0.928914 -0.983423 -1.00874 -1.05182 -1.09565 -1.13111 -1.15442 -1.16508 -1.16428 -1.15388 -1.13582 -1.11185 -1.08345 -1.05179 -1.01784 -0.982313 -0.94583 -0.908881 -0.871869 -0.835124 -0.79892 -0.763457 -0.728884 -0.695303 -0.662782 -0.631358 -0.601041 -0.571825 -0.543685 -0.516588 -0.490489 -0.465344 -0.441103 -0.417717 -0.395139 -0.373321 -0.352222 -0.3318 -0.312018 -0.292843 -0.274243 -0.256188 -0.238653 -0.221614 -0.205046 -0.188928 -0.173241 -0.157964 -0.143079 -0.128566 -0.114408 -0.100587 -0.0870838 -0.0738813 -0.0609617 -0.0483073 -0.0359008 -0.0237251 -0.0117636 
-0.228511 -0.457573 -0.669329 -0.832866 -0.937645 -0.995452 -1.01907 -1.06193 -1.10574 -1.14119 -1.1644 -1.17485 -1.17376 -1.16302 -1.1446 -1.12029 -1.09155 -1.05959 -1.02536 -0.989596 -0.952905 -0.915774 -0.878602 -0.841713 -0.805373 -0.769783 -0.73509 -0.701394 -0.668762 -0.637227 -0.606801 -0.577475 -0.549224 -0.522013 -0.495801 -0.470539 -0.44618 -0.422673 -0.39997 -0.378026 -0.356796 -0.336239 -0.316319 -0.297 -0.27825 -0.26004 -0.242343 -0.225134 -0.20839 -0.19209 -0.176211 -0.160736 -0.145645 -0.130919 -0.116542 -0.102495 -0.0887614 -0.0753239 -0.0621658 -0.0492706 -0.0366221 -0.0242044 -0.012002 
-0.229028 -0.459378 -0.673348 -0.839599 -0.946601 -1.00708 -1.03011 -1.07258 -1.11626 -1.15165 -1.17473 -1.18494 -1.18352 -1.17242 -1.15364 -1.12896 -1.09988 -1.06761 -1.0331 -0.997087 -0.960179 -0.922858 -0.885517 -0.848472 -0.811981 -0.776255 -0.741436 -0.707619 -0.674869 -0.643217 -0.612674 -0.58323 -0.55486 -0.527529 -0.501193 -0.475807 -0.45132 -0.427683 -0.404848 -0.382767 -0.361398 -0.340698 -0.32063 -0.301158 -0.28225 -0.263878 -0.246012 -0.228628 -0.211703 -0.195214 -0.179142 -0.163466 -0.148168 -0.13323 -0.118634 -0.104363 -0.0904019 -0.0767331 -0.0633411 -0.0502102 -0.0373252 -0.0246713 -0.0122342 
-0.229526 -0.461162 -0.677391 -0.846448 -0.955739 -1.01845 -1.0418 -1.08376 -1.12724 -1.16251 -1.18541 -1.19535 -1.1936 -1.18212 -1.16294 -1.13789 -1.10846 -1.07586 -1.04106 -1.0048 -0.967666 -0.930147 -0.892627 -0.855417 -0.818755 -0.782887 -0.747936 -0.713993 -0.681117 -0.649341 -0.618674 -0.589104 -0.560607 -0.533147 -0.506681 -0.481161 -0.456538 -0.432763 -0.409785 -0.38756 -0.366041 -0.345189 -0.324964 -0.305332 -0.286259 -0.267715 -0.249674 -0.232109 -0.214997 -0.198317 -0.182046 -0.166167 -0.15066 -0.135508 -0.120694 -0.106201 -0.0920141 -0.0781166 -0.0644939 -0.0511311 -0.038014 -0.0251286 -0.0124616 
-0.230002 -0.462921 -0.681448 -0.853402 -0.965047 -1.02977 -1.05407 -1.09544 -1.13864 -1.17376 -1.19645 -1.2061 -1.20398 -1.1921 -1.17252 -1.14707 -1.11728 -1.08436 -1.04926 -1.01274 -0.975374 -0.937645 -0.899936 -0.862552 -0.825725 -0.789707 -0.754612 -0.720531 -0.687521 -0.655613 -0.624813 -0.595111 -0.566479 -0.538882 -0.512277 -0.486615 -0.461847 -0.437924 -0.414796 -0.392416 -0.37074 -0.349727 -0.329337 -0.309535 -0.290288 -0.271567 -0.253343 -0.235591 -0.218287 -0.201409 -0.184936 -0.168851 -0.153133 -0.137766 -0.122733 -0.108018 -0.0936058 -0.0794813 -0.0656301 -0.0520382 -0.0386921 -0.0255786 -0.0126852 
-0.230454 -0.464646 -0.685515 -0.860457 -0.97453 -1.04116 -1.06691 -1.10758 -1.15045 -1.18539 -1.20786 -1.21719 -1.21468 -1.20238 -1.18238 -1.15654 -1.12638 -1.09312 -1.05773 -1.02093 -0.983315 -0.945364 -0.907454 -0.869887 -0.832907 -0.796728 -0.761478 -0.727249 -0.694096 -0.662047 -0.631107 -0.601264 -0.572489 -0.544747 -0.517994 -0.492182 -0.467261 -0.443181 -0.419893 -0.39735 -0.375507 -0.354324 -0.33376 -0.31378 -0.294352 -0.275445 -0.257031 -0.239085 -0.221582 -0.204502 -0.187824 -0.171528 -0.155596 -0.140012 -0.124759 -0.109821 -0.0951841 -0.0808333 -0.066755 -0.0529357 -0.0393627 -0.0260235 -0.0129063 
-0.230884 -0.466316 -0.68959 -0.867615 -0.984203 -1.05274 -1.08032 -1.12013 -1.16264 -1.19738 -1.21961 -1.22861 -1.2257 -1.21296 -1.19253 -1.16628 -1.13575 -1.10217 -1.06646 -1.02937 -0.991503 -0.953322 -0.915205 -0.877452 -0.840303 -0.803954 -0.768542 -0.734158 -0.700855 -0.668658 -0.63757 -0.607578 -0.578652 -0.550757 -0.523848 -0.497876 -0.472793 -0.448547 -0.42509 -0.402374 -0.380356 -0.358992 -0.338246 -0.31808 -0.298462 -0.279361 -0.26075 -0.242602 -0.224896 -0.207608 -0.190718 -0.174208 -0.158059 -0.142255 -0.126779 -0.111618 -0.0967553 -0.0821783 -0.0678732 -0.0538274 -0.0400286 -0.0264651 -0.0131258 
-0.231291 -0.467932 -0.693669 -0.874875 -0.994079 -1.06455 -1.09432 -1.13308 -1.1752 -1.20973 -1.23171 -1.24036 -1.23704 -1.22386 -1.20297 -1.1763 -1.14539 -1.11146 -1.07544 -1.03807 -0.999949 -0.961536 -0.923208 -0.885261 -0.84793 -0.811398 -0.775817 -0.741272 -0.707812 -0.67546 -0.644217 -0.614068 -0.584983 -0.556926 -0.529852 -0.503712 -0.478456 -0.454035 -0.430399 -0.407502 -0.385298 -0.363746 -0.342807 -0.322445 -0.302628 -0.283326 -0.26451 -0.246155 -0.228237 -0.210735 -0.193629 -0.176899 -0.160529 -0.144502 -0.128802 -0.113414 -0.0983253 -0.083521 -0.0689888 -0.0547165 -0.0406923 -0.0269051 -0.0133444 
-0.231673 -0.469496 -0.697748 -0.882239 -1.00417 -1.07664 -1.10896 -1.14643 -1.18812 -1.22244 -1.24416 -1.25247 -1.24872 -1.23507 -1.21373 -1.18662 -1.15532 -1.12105 -1.08472 -1.04706 -1.00867 -0.970019 -0.931475 -0.89333 -0.85581 -0.819074 -0.783318 -0.748608 -0.714986 -0.682471 -0.651065 -0.62075 -0.591498 -0.56327 -0.536021 -0.509703 -0.484266 -0.459659 -0.435835 -0.412745 -0.390346 -0.368595 -0.347454 -0.326888 -0.306864 -0.287351 -0.268321 -0.249751 -0.231615 -0.213893 -0.196564 -0.179611 -0.163015 -0.146761 -0.130833 -0.115217 -0.0998987 -0.0848658 -0.0701055 -0.055606 -0.0413561 -0.0273451 -0.0135629 
-0.23203 -0.47101 -0.701821 -0.889706 -1.01449 -1.08903 -1.12428 -1.16016 -1.20141 -1.23553 -1.25699 -1.26494 -1.26075 -1.24663 -1.22482 -1.19726 -1.16556 -1.13096 -1.09431 -1.05635 -1.01768 -0.978785 -0.940016 -0.901663 -0.863944 -0.827019 -0.791078 -0.756191 -0.722396 -0.68971 -0.658131 -0.627642 -0.598213 -0.569804 -0.54237 -0.515864 -0.490235 -0.465433 -0.441409 -0.418117 -0.395512 -0.373552 -0.3522 -0.331419 -0.311177 -0.291445 -0.272194 -0.253399 -0.235038 -0.217089 -0.199532 -0.182349 -0.165522 -0.149037 -0.132877 -0.117029 -0.10148 -0.0862163 -0.0712263 -0.0564983 -0.0420217 -0.0277861 -0.0137819 
-0.23236 -0.472474 -0.705885 -0.897275 -1.02503 -1.10173 -1.14033 -1.17427 -1.21508 -1.249 -1.27021 -1.2778 -1.27317 -1.25857 -1.23626 -1.20824 -1.17613 -1.14122 -1.10422 -1.06595 -1.027 -0.987848 -0.948848 -0.910279 -0.872357 -0.835252 -0.799119 -0.764043 -0.730064 -0.697196 -0.665435 -0.634761 -0.605144 -0.576544 -0.548916 -0.522211 -0.496379 -0.47137 -0.447136 -0.42363 -0.400807 -0.378628 -0.357053 -0.336047 -0.315578 -0.295617 -0.276135 -0.257109 -0.238514 -0.22033 -0.202538 -0.185119 -0.168057 -0.151335 -0.134939 -0.118856 -0.103072 -0.0875755 -0.0723536 -0.0573955 -0.0426907 -0.0282292 -0.014002 
-0.232664 -0.473889 -0.709934 -0.904943 -1.03581 -1.11474 -1.15716 -1.18876 -1.22917 -1.26292 -1.28388 -1.29109 -1.28601 -1.27091 -1.24812 -1.21962 -1.18707 -1.1518 -1.11445 -1.07586 -1.03664 -0.997233 -0.958002 -0.919217 -0.881091 -0.843791 -0.807454 -0.772181 -0.738008 -0.704948 -0.672994 -0.642126 -0.612311 -0.583509 -0.555674 -0.528758 -0.502712 -0.477484 -0.453027 -0.429295 -0.406244 -0.383833 -0.362024 -0.340783 -0.320076 -0.299875 -0.280153 -0.260885 -0.242049 -0.223623 -0.205589 -0.187928 -0.170623 -0.15366 -0.137024 -0.120701 -0.104679 -0.0889457 -0.0734895 -0.0582989 -0.043364 -0.0286751 -0.0142233 
-0.232943 -0.475255 -0.713964 -0.91271 -1.04683 -1.12806 -1.17476 -1.20366 -1.24377 -1.27737 -1.29806 -1.30488 -1.29932 -1.28371 -1.26041 -1.23145 -1.19845 -1.16269 -1.125 -1.08612 -1.04662 -1.00697 -0.96751 -0.928508 -0.890176 -0.852672 -0.816111 -0.780628 -0.746251 -0.712989 -0.680831 -0.649756 -0.619731 -0.590714 -0.562661 -0.535522 -0.509248 -0.483788 -0.459096 -0.435126 -0.411833 -0.389178 -0.367123 -0.345633 -0.324677 -0.304227 -0.284254 -0.264735 -0.245647 -0.226971 -0.208687 -0.190777 -0.173225 -0.156015 -0.139133 -0.122566 -0.106302 -0.0903287 -0.0746349 -0.0592092 -0.044042 -0.0291239 -0.014446 
-0.233197 -0.476571 -0.717973 -0.92058 -1.05811 -1.1417 -1.19277 -1.2192 -1.25908 -1.29248 -1.31286 -1.31923 -1.31315 -1.29701 -1.27318 -1.24371 -1.21025 -1.17404 -1.13598 -1.09678 -1.05701 -1.01711 -0.977406 -0.938179 -0.89963 -0.861911 -0.825114 -0.789412 -0.754819 -0.721342 -0.688968 -0.657673 -0.627425 -0.59818 -0.569894 -0.542518 -0.516002 -0.490297 -0.465355 -0.441132 -0.417584 -0.394671 -0.372357 -0.350606 -0.329389 -0.308677 -0.288443 -0.268662 -0.249313 -0.230377 -0.211835 -0.193669 -0.175862 -0.158401 -0.14127 -0.124456 -0.107946 -0.0917272 -0.0757895 -0.0601254 -0.0447241 -0.0295753 -0.0146701 
-0.233427 -0.477838 -0.721961 -0.928561 -1.06969 -1.1558 -1.21034 -1.23599 -1.27539 -1.30842 -1.32837 -1.33422 -1.32757 -1.31084 -1.28645 -1.25646 -1.22252 -1.18588 -1.14744 -1.10792 -1.06785 -1.02767 -0.987722 -0.948256 -0.909474 -0.871524 -0.834518 -0.798571 -0.763744 -0.730035 -0.697429 -0.6659 -0.635413 -0.605925 -0.577391 -0.549762 -0.522989 -0.497023 -0.471816 -0.447325 -0.423506 -0.400321 -0.377733 -0.355708 -0.334216 -0.313229 -0.292722 -0.27267 -0.253052 -0.233846 -0.215032 -0.1966 -0.178533 -0.160814 -0.143427 -0.12636 -0.109601 -0.0931372 -0.0769593 -0.0610557 -0.045417 -0.0300339 -0.0148976 
-0.233634 -0.479054 -0.725919 -0.936649 -1.08157 -1.17029 -1.2277 -1.25396 -1.29275 -1.32524 -1.34464 -1.34989 -1.3426 -1.32524 -1.30027 -1.26975 -1.23532 -1.19825 -1.15943 -1.11955 -1.07917 -1.03871 -0.998499 -0.958783 -0.91976 -0.881573 -0.844333 -0.808132 -0.773053 -0.739095 -0.70624 -0.67446 -0.643718 -0.61397 -0.585171 -0.557273 -0.530225 -0.50398 -0.478491 -0.453715 -0.429609 -0.406134 -0.383258 -0.360944 -0.339163 -0.317885 -0.297088 -0.276752 -0.256854 -0.237372 -0.218289 -0.199587 -0.181251 -0.163266 -0.145617 -0.128293 -0.11128 -0.0945664 -0.0781418 -0.0619951 -0.0461164 -0.0304967 -0.0151273 
-0.233818 -0.480216 -0.729838 -0.944832 -1.09373 -1.18516 -1.24517 -1.27307 -1.31109 -1.34292 -1.36169 -1.36625 -1.35826 -1.34024 -1.31466 -1.28362 -1.24873 -1.21121 -1.17197 -1.13173 -1.09102 -1.05026 -1.00977 -0.9698 -0.930529 -0.8921 -0.854615 -0.81813 -0.782779 -0.748553 -0.715431 -0.68338 -0.652363 -0.622337 -0.593254 -0.565066 -0.537724 -0.511181 -0.485391 -0.460311 -0.4359 -0.412119 -0.38893 -0.366309 -0.344225 -0.322649 -0.301558 -0.280928 -0.260738 -0.240969 -0.221603 -0.202622 -0.184011 -0.165755 -0.147839 -0.130252 -0.112981 -0.096013 -0.0793377 -0.0629443 -0.0468228 -0.030964 -0.0153591 
-0.233979 -0.481321 -0.733708 -0.9531 -1.10618 -1.20045 -1.26298 -1.29333 -1.33036 -1.36144 -1.37949 -1.38332 -1.37458 -1.35584 -1.32962 -1.29803 -1.26268 -1.22472 -1.18507 -1.14446 -1.10342 -1.06235 -1.02158 -0.98134 -0.941808 -0.903121 -0.865372 -0.828613 -0.792965 -0.758448 -0.725035 -0.692691 -0.661377 -0.631049 -0.60166 -0.57316 -0.545503 -0.518641 -0.492528 -0.467119 -0.442379 -0.418273 -0.394765 -0.371823 -0.34942 -0.32753 -0.306128 -0.285192 -0.2647 -0.244634 -0.224975 -0.205707 -0.186814 -0.16828 -0.150092 -0.132237 -0.114703 -0.0974762 -0.0805467 -0.0639034 -0.0475363 -0.0314358 -0.0155931 
-0.234117 -0.482365 -0.737519 -0.961443 -1.11892 -1.21618 -1.28126 -1.31482 -1.35054 -1.38078 -1.39807 -1.4011 -1.39157 -1.37208 -1.34519 -1.31302 -1.27723 -1.23883 -1.19877 -1.15778 -1.1164 -1.07502 -1.03396 -0.993437 -0.953633 -0.914673 -0.876649 -0.839624 -0.803674 -0.768827 -0.735092 -0.702427 -0.67079 -0.640134 -0.610414 -0.581577 -0.553578 -0.526367 -0.499905 -0.47415 -0.449064 -0.424612 -0.400761 -0.377482 -0.354745 -0.332525 -0.310799 -0.289544 -0.268739 -0.248365 -0.228405 -0.208841 -0.189658 -0.17084 -0.152374 -0.134246 -0.116444 -0.098955 -0.0817679 -0.0648718 -0.0482563 -0.0319118 -0.0158292 
-0.234234 -0.483346 -0.74126 -0.969855 -1.13197 -1.23238 -1.30011 -1.33765 -1.37161 -1.40096 -1.41745 -1.41965 -1.40929 -1.38901 -1.36141 -1.32863 -1.29246 -1.25359 -1.2131 -1.17172 -1.13 -1.08831 -1.04695 -1.00614 -0.966049 -0.926806 -0.888497 -0.851182 -0.814898 -0.779728 -0.745644 -0.712627 -0.680638 -0.649625 -0.619537 -0.59033 -0.561956 -0.534371 -0.507534 -0.481406 -0.455951 -0.431133 -0.406922 -0.383286 -0.360198 -0.337634 -0.315569 -0.293982 -0.272852 -0.25216 -0.231889 -0.212021 -0.192541 -0.173433 -0.154683 -0.136277 -0.118203 -0.100448 -0.083 -0.0658483 -0.0489822 -0.0323916 -0.0160671 
-0.234331 -0.484264 -0.744924 -0.978326 -1.14532 -1.24909 -1.31956 -1.36192 -1.39357 -1.42204 -1.43771 -1.43904 -1.42781 -1.40672 -1.37839 -1.34498 -1.3083 -1.26896 -1.22807 -1.18633 -1.14427 -1.10226 -1.06059 -1.01949 -0.979099 -0.939553 -0.900934 -0.863296 -0.826653 -0.791138 -0.756703 -0.723312 -0.690929 -0.659514 -0.629024 -0.599411 -0.570633 -0.542647 -0.515412 -0.488889 -0.463042 -0.437837 -0.413244 -0.389233 -0.365777 -0.342852 -0.320434 -0.298502 -0.277036 -0.256015 -0.235424 -0.215244 -0.195459 -0.176054 -0.157015 -0.138327 -0.119977 -0.101953 -0.0842413 -0.0668318 -0.0497129 -0.0328744 -0.0163065 
-0.23441 -0.485116 -0.7485 -0.986849 -1.15899 -1.26633 -1.33962 -1.38758 -1.41652 -1.44421 -1.45903 -1.4594 -1.44724 -1.4253 -1.39623 -1.36219 -1.32481 -1.28503 -1.24375 -1.20167 -1.15928 -1.11695 -1.07497 -1.03354 -0.992831 -0.952952 -0.913986 -0.875987 -0.83899 -0.803064 -0.768219 -0.734417 -0.701618 -0.669781 -0.638864 -0.608823 -0.579616 -0.551203 -0.523543 -0.496599 -0.470336 -0.444722 -0.419726 -0.39532 -0.371478 -0.348175 -0.325389 -0.303099 -0.281284 -0.259924 -0.239003 -0.218503 -0.198407 -0.1787 -0.159366 -0.140392 -0.121763 -0.103466 -0.0854895 -0.0678202 -0.0504472 -0.0333595 -0.016547 
-0.234475 -0.485905 -0.751981 -0.995417 -1.173 -1.28417 -1.36045 -1.41357 -1.44121 -1.46793 -1.48167 -1.48093 -1.46771 -1.44485 -1.41499 -1.38025 -1.34225 -1.30199 -1.26031 -1.21786 -1.17512 -1.13246 -1.09014 -1.04837 -1.00731 -0.967069 -0.927725 -0.889336 -0.851936 -0.815539 -0.780245 -0.745995 -0.712745 -0.680453 -0.649078 -0.618578 -0.588912 -0.560041 -0.531928 -0.504535 -0.477831 -0.451782 -0.426361 -0.401539 -0.377292 -0.353595 -0.330427 -0.307764 -0.285589 -0.26388 -0.242621 -0.221793 -0.201379 -0.181364 -0.161732 -0.142468 -0.123557 -0.104986 -0.0867418 -0.0688115 -0.0511832 -0.0338456 -0.0167879 
-0.234529 -0.486631 -0.755358 -1.00402 -1.18736 -1.30265 -1.38211 -1.43945 -1.46814 -1.49351 -1.50586 -1.50378 -1.48934 -1.46546 -1.43477 -1.39933 -1.36075 -1.31999 -1.27787 -1.23501 -1.1919 -1.14888 -1.10619 -1.06406 -1.02261 -0.981969 -0.942209 -0.903384 -0.865527 -0.828637 -0.792842 -0.758092 -0.724345 -0.691556 -0.659684 -0.628687 -0.598527 -0.569165 -0.540566 -0.512695 -0.48552 -0.459012 -0.433142 -0.407883 -0.383211 -0.359103 -0.335536 -0.312489 -0.289941 -0.267874 -0.246268 -0.225105 -0.204368 -0.184041 -0.164106 -0.144549 -0.125354 -0.106508 -0.0879949 -0.0698029 -0.0519191 -0.0343315 -0.0170287 
-0.234576 -0.487294 -0.758617 -1.01264 -1.20207 -1.32179 -1.40458 -1.46563 -1.49733 -1.52098 -1.53169 -1.52805 -1.51223 -1.48725 -1.45574 -1.41972 -1.38047 -1.33914 -1.29653 -1.25325 -1.20973 -1.16631 -1.12323 -1.08068 -1.03881 -0.997724 -0.957497 -0.918184 -0.879818 -0.842422 -0.806055 -0.770746 -0.736447 -0.703112 -0.670696 -0.63916 -0.608464 -0.578573 -0.549453 -0.52107 -0.493396 -0.4664 -0.440056 -0.414338 -0.389222 -0.364685 -0.340705 -0.31726 -0.294329 -0.271893 -0.249933 -0.22843 -0.207365 -0.186721 -0.166481 -0.146629 -0.127149 -0.108026 -0.0892447 -0.0707913 -0.0526525 -0.0348157 -0.0172686 
-0.234618 -0.487896 -0.761745 -1.02125 -1.21712 -1.3416 -1.42788 -1.49245 -1.52886 -1.55033 -1.55925 -1.55387 -1.53651 -1.51027 -1.47782 -1.44118 -1.40135 -1.35948 -1.31638 -1.27265 -1.22871 -1.18486 -1.14135 -1.09835 -1.056 -1.01441 -0.973665 -0.933811 -0.89489 -0.856924 -0.819902 -0.783978 -0.749073 -0.715135 -0.682124 -0.649998 -0.618722 -0.588259 -0.558579 -0.52965 -0.501443 -0.47393 -0.447087 -0.420887 -0.395307 -0.370324 -0.345916 -0.322061 -0.298737 -0.275925 -0.253604 -0.231754 -0.210357 -0.189395 -0.168848 -0.148701 -0.128935 -0.109536 -0.0904865 -0.0717729 -0.0533807 -0.0352962 -0.0175067 
-0.234662 -0.488437 -0.764728 -1.02983 -1.23251 -1.36211 -1.45211 -1.52009 -1.56257 -1.58168 -1.58881 -1.58151 -1.56239 -1.53473 -1.50123 -1.46404 -1.42358 -1.38114 -1.33755 -1.29336 -1.24896 -1.20465 -1.16066 -1.11715 -1.07427 -1.03212 -0.990781 -0.950315 -0.91076 -0.87214 -0.834466 -0.797839 -0.762246 -0.727638 -0.69397 -0.661199 -0.629291 -0.598211 -0.567929 -0.538414 -0.509641 -0.481582 -0.454213 -0.427508 -0.401445 -0.375999 -0.351149 -0.326873 -0.303147 -0.279951 -0.257264 -0.235064 -0.213333 -0.19205 -0.171196 -0.150754 -0.130704 -0.11103 -0.0917148 -0.0727433 -0.0541002 -0.0357709 -0.0177418 
-0.234712 -0.488922 -0.767554 -1.03835 -1.24824 -1.38339 -1.47745 -1.54905 -1.59633 -1.61644 -1.62111 -1.61144 -1.59026 -1.561 -1.52633 -1.48832 -1.44722 -1.40426 -1.36019 -1.31553 -1.27065 -1.22583 -1.18129 -1.13721 -1.09372 -1.05093 -1.00892 -0.967756 -0.927488 -0.888144 -0.849745 -0.81232 -0.775967 -0.740618 -0.706227 -0.672751 -0.640155 -0.608407 -0.577477 -0.547338 -0.517962 -0.489326 -0.461404 -0.434172 -0.407606 -0.381683 -0.356378 -0.33167 -0.307535 -0.28395 -0.260893 -0.238342 -0.216275 -0.194672 -0.173513 -0.152777 -0.132445 -0.1125 -0.0929225 -0.073697 -0.0548071 -0.0362372 -0.0179727 
-0.234775 -0.489355 -0.770209 -1.0468 -1.26431 -1.40549 -1.50397 -1.57934 -1.63046 -1.65433 -1.65637 -1.64409 -1.62055 -1.58948 -1.5535 -1.51433 -1.47259 -1.42911 -1.38455 -1.33938 -1.29396 -1.24857 -1.2034 -1.15865 -1.11445 -1.07092 -1.02814 -0.986187 -0.945113 -0.904953 -0.865731 -0.827439 -0.790239 -0.754067 -0.718877 -0.684628 -0.651284 -0.618814 -0.587189 -0.556382 -0.526368 -0.497123 -0.468622 -0.440841 -0.413754 -0.387339 -0.36157 -0.336423 -0.311872 -0.287895 -0.264467 -0.241564 -0.219164 -0.197243 -0.175781 -0.154756 -0.134147 -0.113935 -0.0941013 -0.0746275 -0.0554964 -0.0366917 -0.0181978 
-0.234857 -0.489743 -0.77268 -1.05514 -1.28071 -1.42845 -1.53178 -1.6112 -1.6659 -1.69285 -1.69564 -1.68028 -1.65392 -1.6207 -1.58317 -1.54284 -1.50029 -1.45616 -1.41099 -1.36521 -1.31914 -1.27305 -1.22715 -1.18161 -1.13658 -1.09218 -1.04851 -1.00565 -0.963648 -0.92256 -0.882407 -0.843212 -0.805049 -0.767958 -0.731887 -0.696792 -0.662634 -0.629384 -0.597013 -0.565495 -0.534806 -0.504921 -0.475816 -0.447465 -0.419843 -0.392924 -0.366682 -0.341091 -0.316123 -0.291753 -0.267955 -0.244703 -0.221973 -0.199741 -0.177982 -0.156674 -0.135795 -0.115324 -0.0952408 -0.0755264 -0.0561621 -0.0371305 -0.0184151 
-0.234967 -0.490093 -0.774954 -1.06333 -1.29743 -1.45232 -1.56101 -1.64483 -1.70311 -1.73275 -1.73652 -1.7207 -1.69161 -1.65564 -1.61633 -1.57453 -1.53087 -1.48585 -1.43988 -1.39331 -1.34644 -1.2995 -1.25269 -1.20621 -1.16019 -1.11478 -1.07007 -1.02616 -0.983107 -0.940971 -0.899787 -0.859578 -0.820326 -0.782232 -0.745198 -0.70918 -0.674139 -0.640048 -0.606879 -0.574606 -0.543205 -0.512652 -0.482919 -0.453982 -0.425812 -0.398381 -0.371662 -0.345624 -0.32024 -0.295481 -0.271318 -0.247724 -0.224672 -0.202136 -0.180089 -0.158508 -0.137369 -0.116649 -0.0963276 -0.0763832 -0.0567963 -0.0375485 -0.018622 
-0.235113 -0.490414 -0.777016 -1.07132 -1.31444 -1.47714 -1.59177 -1.68044 -1.74246 -1.77464 -1.77951 -1.7636 -1.73372 -1.69531 -1.65355 -1.60989 -1.56479 -1.5186 -1.47158 -1.42401 -1.37611 -1.32811 -1.2802 -1.23257 -1.18538 -1.13877 -1.09285 -1.04772 -1.00346 -0.96013 -0.91777 -0.876408 -0.836063 -0.796839 -0.758734 -0.721704 -0.685706 -0.650711 -0.616691 -0.583621 -0.551474 -0.520225 -0.489846 -0.460309 -0.431583 -0.403637 -0.376441 -0.349961 -0.324167 -0.299026 -0.274508 -0.250583 -0.22722 -0.204392 -0.182071 -0.160231 -0.138846 -0.117891 -0.097345 -0.0771846 -0.0573892 -0.037939 -0.0188152 
-0.235303 -0.490715 -0.77885 -1.07907 -1.33171 -1.50294 -1.62419 -1.71826 -1.78432 -1.8191 -1.82516 -1.80935 -1.77891 -1.73963 -1.6958 -1.64958 -1.60257 -1.55484 -1.50647 -1.45759 -1.4084 -1.35908 -1.30982 -1.2608 -1.2122 -1.16417 -1.11683 -1.07029 -1.02465 -0.979965 -0.936289 -0.893657 -0.852094 -0.811621 -0.772357 -0.734232 -0.697205 -0.661244 -0.626322 -0.592412 -0.559489 -0.527523 -0.496484 -0.46634 -0.437056 -0.408599 -0.380932 -0.35402 -0.327827 -0.302319 -0.277462 -0.253222 -0.229566 -0.206465 -0.183888 -0.161807 -0.140194 -0.119023 -0.0982712 -0.0779134 -0.057928 -0.0382937 -0.0189907 
-0.235547 -0.491008 -0.780443 -1.08652 -1.34919 -1.52978 -1.65841 -1.75856 -1.82909 -1.86668 -1.87408 -1.85855 -1.82772 -1.78764 -1.74283 -1.69414 -1.6447 -1.59501 -1.5449 -1.49437 -1.44355 -1.39258 -1.34166 -1.29096 -1.24067 -1.19095 -1.14195 -1.09379 -1.04656 -1.00034 -0.955186 -0.91114 -0.868221 -0.82642 -0.785899 -0.746591 -0.708458 -0.67147 -0.635598 -0.600816 -0.567092 -0.534395 -0.50269 -0.47194 -0.442106 -0.413148 -0.385026 -0.357699 -0.331128 -0.305275 -0.280101 -0.255569 -0.231645 -0.208295 -0.185487 -0.163189 -0.141374 -0.120012 -0.0990786 -0.0785479 -0.0583964 -0.0386018 -0.019143 
-0.235854 -0.491307 -0.78178 -1.09359 -1.36682 -1.55767 -1.6946 -1.80166 -1.87723 -1.91795 -1.9269 -1.91184 -1.88077 -1.83995 -1.79374 -1.74377 -1.69178 -1.63958 -1.58725 -1.53464 -1.48176 -1.42875 -1.37578 -1.32304 -1.27073 -1.21902 -1.16808 -1.11803 -1.06899 -1.02103 -0.974225 -0.928604 -0.884193 -0.84101 -0.799121 -0.758538 -0.719227 -0.681156 -0.644296 -0.608614 -0.574077 -0.540646 -0.508281 -0.476937 -0.446571 -0.417135 -0.388583 -0.36087 -0.333951 -0.307784 -0.282324 -0.257534 -0.233375 -0.209809 -0.186802 -0.164321 -0.142336 -0.120815 -0.0997322 -0.0790601 -0.0587738 -0.0388497 -0.0192655 
-0.236234 -0.491624 -0.782848 -1.10022 -1.38452 -1.58665 -1.73294 -1.8479 -1.92923 -1.97355 -1.98434 -1.96993 -1.93877 -1.89724 -1.84978 -1.7982 -1.74423 -1.68906 -1.63389 -1.57863 -1.5232 -1.46766 -1.41219 -1.35698 -1.30225 -1.2482 -1.19499 -1.14277 -1.09166 -1.04175 -0.993094 -0.94574 -0.899712 -0.855022 -0.811663 -0.769737 -0.729193 -0.689999 -0.652123 -0.615531 -0.580182 -0.54603 -0.513025 -0.481117 -0.45025 -0.420373 -0.391431 -0.363373 -0.336148 -0.309709 -0.284009 -0.259004 -0.234652 -0.210913 -0.187751 -0.16513 -0.143017 -0.121379 -0.100188 -0.0794151 -0.0590341 -0.0390201 -0.0193495 
-0.236696 -0.491973 -0.783631 -1.10632 -1.40218 -1.61674 -1.77362 -1.89771 -1.98569 -2.03419 -2.04715 -2.03363 -2.00272 -1.96119 -1.91199 -1.85819 -1.80169 -1.74373 -1.68509 -1.62652 -1.5679 -1.50926 -1.45075 -1.39258 -1.33497 -1.27816 -1.22232 -1.16761 -1.11415 -1.06204 -1.01134 -0.962086 -0.914302 -0.867986 -0.823104 -0.779774 -0.737951 -0.697607 -0.65871 -0.621217 -0.585078 -0.550238 -0.516636 -0.48421 -0.452896 -0.422631 -0.393355 -0.365009 -0.337536 -0.310883 -0.284999 -0.259837 -0.235349 -0.211495 -0.188233 -0.165526 -0.143339 -0.121638 -0.100391 -0.0795698 -0.0591453 -0.0390919 -0.0193846 
-0.237244 -0.492366 -0.784112 -1.11178 -1.41968 -1.64793 -1.81686 -1.95156 -2.04731 -2.10069 -2.1162 -2.10361 -2.07266 -2.03094 -1.98011 -1.92387 -1.86442 -1.80314 -1.74089 -1.67828 -1.61578 -1.55337 -1.49119 -1.42946 -1.36846 -1.30841 -1.24953 -1.19197 -1.13587 -1.08131 -1.02835 -0.977027 -0.927348 -0.879307 -0.832887 -0.788108 -0.744981 -0.703488 -0.66359 -0.625236 -0.588361 -0.552895 -0.518763 -0.485891 -0.454204 -0.423628 -0.394095 -0.365537 -0.337893 -0.311102 -0.285109 -0.259863 -0.235313 -0.211414 -0.188124 -0.165401 -0.143209 -0.121512 -0.100276 -0.0794715 -0.0590684 -0.0390391 -0.0193579 
-0.237882 -0.492808 -0.784265 -1.11646 -1.43683 -1.68017 -1.86288 -2.01003 -2.11493 -2.17411 -2.19269 -2.18125 -2.15013 -2.10771 -2.05484 -1.99572 -1.93275 -1.86746 -1.80088 -1.73373 -1.66653 -1.59957 -1.53298 -1.46704 -1.40204 -1.33824 -1.27586 -1.21508 -1.15601 -1.09874 -1.04333 -0.989777 -0.938096 -0.888263 -0.840249 -0.794021 -0.749616 -0.707021 -0.666191 -0.627057 -0.589537 -0.553543 -0.518984 -0.485769 -0.453811 -0.423027 -0.393338 -0.36467 -0.336952 -0.310121 -0.284115 -0.258878 -0.234358 -0.210505 -0.187275 -0.164624 -0.142513 -0.120904 -0.0997635 -0.0790578 -0.0587566 -0.0388311 -0.0192541 
-0.238604 -0.493293 -0.784053 -1.12023 -1.45337 -1.71337 -1.91189 -2.0738 -2.18959 -2.25573 -2.27812 -2.26828 -2.23704 -2.19246 -2.13708 -2.07442 -2.00707 -1.93683 -1.86494 -1.79228 -1.71953 -1.64714 -1.57532 -1.5044 -1.43472 -1.36659 -1.30023 -1.23583 -1.17348 -1.11327 -1.05521 -0.99931 -0.945551 -0.893892 -0.844281 -0.796648 -0.751047 -0.70746 -0.665824 -0.626047 -0.588024 -0.551644 -0.516799 -0.483381 -0.451291 -0.420433 -0.39072 -0.362069 -0.334403 -0.307653 -0.281754 -0.256644 -0.232268 -0.208575 -0.185515 -0.163044 -0.14112 -0.119705 -0.0987615 -0.0782558 -0.058156 -0.0384321 -0.0190556 
-0.23939 -0.493793 -0.783412 -1.12286 -1.46898 -1.74733 -1.96406 -2.14364 -2.27252 -2.34708 -2.37415 -2.36649 -2.33567 -2.28835 -2.22888 -2.16112 -2.08791 -2.01128 -1.93271 -1.85328 -1.7738 -1.69491 -1.61693 -1.54017 -1.46508 -1.392 -1.32118 -1.25276 -1.18684 -1.12347 -1.06264 -1.00432 -0.948466 -0.895006 -0.843863 -0.794947 -0.748315 -0.703928 -0.661687 -0.62147 -0.583144 -0.546574 -0.511632 -0.478195 -0.446149 -0.415389 -0.385817 -0.357344 -0.329888 -0.303371 -0.277726 -0.252888 -0.228798 -0.205401 -0.182647 -0.160488 -0.138882 -0.117787 -0.0971658 -0.0769829 -0.0572052 -0.0378014 -0.0187422 
-0.240199 -0.494244 -0.782233 -1.12408 -1.48317 -1.78173 -2.01953 -2.2205 -2.36529 -2.45005 -2.48267 -2.47746 -2.4477 -2.39645 -2.33108 -2.25627 -2.17525 -2.09037 -2.00336 -1.91553 -1.82786 -1.74114 -1.65591 -1.57238 -1.4911 -1.41246 -1.33669 -1.26392 -1.1942 -1.12754 -1.06388 -1.00317 -0.9453 -0.890165 -0.837648 -0.787687 -0.740309 -0.695416 -0.652863 -0.612488 -0.574128 -0.537625 -0.502831 -0.469608 -0.437829 -0.407381 -0.378156 -0.35006 -0.323003 -0.296907 -0.271697 -0.247306 -0.223672 -0.200739 -0.178453 -0.156766 -0.135632 -0.11501 -0.094861 -0.0751477 -0.0558362 -0.0368943 -0.0182918 
-0.240954 -0.494516 -0.780326 -1.12349 -1.4953 -1.81601 -2.07824 -2.30547 -2.46988 -2.56714 -2.60629 -2.60299 -2.57281 -2.51654 -2.44354 -2.3595 -2.26832 -2.17285 -2.07521 -1.97698 -1.87937 -1.7833 -1.68949 -1.5982 -1.50997 -1.4252 -1.34409 -1.26673 -1.19311 -1.12317 -1.05679 -0.993852 -0.9342 -0.87767 -0.824063 -0.773478 -0.725787 -0.680807 -0.638337 -0.598173 -0.560125 -0.524013 -0.489672 -0.456951 -0.425715 -0.395841 -0.367214 -0.339736 -0.313312 -0.287859 -0.263301 -0.239567 -0.216594 -0.194322 -0.172698 -0.15167 -0.131194 -0.111225 -0.0917235 -0.0726525 -0.0539765 -0.0356629 -0.0176804 
-0.241519 -0.494375 -0.777365 -1.12054 -1.5044 -1.84926 -2.13987 -2.39981 -2.58886 -2.70186 -2.74933 -2.74811 -2.71323 -2.64975 -2.56642 -2.47003 -2.36551 -2.25641 -2.14535 -2.03428 -1.92465 -1.81753 -1.71371 -1.61367 -1.51779 -1.42648 -1.33985 -1.25788 -1.18048 -1.1075 -1.03873 -0.973955 -0.912953 -0.855494 -0.801424 -0.750838 -0.703423 -0.6589 -0.617011 -0.57752 -0.54021 -0.504887 -0.471372 -0.439506 -0.409145 -0.38016 -0.352433 -0.32586 -0.300346 -0.275803 -0.252152 -0.229323 -0.20725 -0.185872 -0.165135 -0.144987 -0.125381 -0.106274 -0.087625 -0.0693958 -0.0515511 -0.0340576 -0.0168838 
-0.24167 -0.493418 -0.772797 -1.11436 -1.50908 -1.87998 -2.20356 -2.50494 -2.72544 -2.85841 -2.91679 -2.92007 -2.87648 -2.79954 -2.70009 -2.58616 -2.46364 -2.3368 -2.2088 -2.08195 -1.95795 -1.83798 -1.72287 -1.61316 -1.50925 -1.41132 -1.31934 -1.23314 -1.15248 -1.07706 -1.00657 -0.940697 -0.879095 -0.821436 -0.767959 -0.718221 -0.671822 -0.628421 -0.587721 -0.549459 -0.513403 -0.479347 -0.447106 -0.416514 -0.387425 -0.359704 -0.333234 -0.307906 -0.283625 -0.260302 -0.237858 -0.216221 -0.195325 -0.175109 -0.155518 -0.136501 -0.118011 -0.100003 -0.0824379 -0.0652772 -0.0484855 -0.0320294 -0.0158774 
-0.24104 -0.49098 -0.765707 -1.10362 -1.50726 -1.90577 -2.26747 -2.62224 -2.88366 -3.04135 -3.11042 -3.11702 -3.05985 -2.96279 -2.84023 -2.70215 -2.55568 -2.40601 -2.2569 -2.11103 -1.97026 -1.83585 -1.70857 -1.5889 -1.47719 -1.37325 -1.27675 -1.18732 -1.10449 -1.0278 -0.956771 -0.890952 -0.829861 -0.773657 -0.721919 -0.674032 -0.629535 -0.588049 -0.549256 -0.512883 -0.478691 -0.446468 -0.416029 -0.387206 -0.359852 -0.333835 -0.309036 -0.285348 -0.262675 -0.24093 -0.220035 -0.199917 -0.180513 -0.161762 -0.14361 -0.126006 -0.108905 -0.0922634 -0.0760412 -0.0602014 -0.0447092 -0.0295319 -0.0146386 
-0.239065 -0.486003 -0.754619 -1.08628 -1.49579 -1.92265 -2.32792 -2.75291 -3.0695 -3.25967 -3.3404 -3.33481 -3.25683 -3.13111 -2.97632 -2.80552 -2.62779 -2.44943 -2.27479 -2.10687 -1.94759 -1.79808 -1.65883 -1.53028 -1.41226 -1.30407 -1.20498 -1.1143 -1.0313 -0.955265 -0.885543 -0.821494 -0.763267 -0.710216 -0.661547 -0.616661 -0.575084 -0.536434 -0.500389 -0.466677 -0.43506 -0.405331 -0.377307 -0.350827 -0.325747 -0.301939 -0.279286 -0.257687 -0.237049 -0.217287 -0.198325 -0.180095 -0.162534 -0.145585 -0.129196 -0.113318 -0.0979074 -0.0829232 -0.0683273 -0.054084 -0.0401602 -0.0265243 -0.0131469 
-0.234903 -0.476891 -0.737246 -1.05918 -1.46989 -1.92415 -2.37785 -2.89665 -3.29004 -3.52344 -3.62061 -3.58508 -3.46391 -3.29048 -3.08802 -2.87243 -2.65444 -2.44119 -2.23741 -2.04604 -1.86867 -1.70587 -1.55751 -1.42363 -1.30293 -1.19417 -1.09604 -1.00747 -0.927457 -0.854909 -0.789348 -0.730561 -0.677474 -0.629213 -0.58507 -0.544482 -0.506998 -0.472247 -0.439923 -0.409763 -0.381543 -0.355068 -0.330165 -0.306684 -0.284489 -0.263461 -0.243492 -0.224486 -0.206357 -0.189026 -0.172424 -0.156485 -0.141152 -0.126373 -0.112098 -0.0982835 -0.0848887 -0.0718758 -0.0592096 -0.0468575 -0.0347887 -0.0229742 -0.0113866 
-0.227379 -0.461368 -0.710242 -1.01767 -1.42236 -1.89954 -2.40358 -3.04838 -3.55189 -3.83396 -3.91881 -3.82923 -3.63839 -3.39352 -3.12481 -2.85158 -2.58589 -2.33506 -2.10331 -1.89256 -1.70315 -1.53419 -1.38483 -1.25296 -1.13646 -1.03348 -0.942016 -0.860557 -0.788061 -0.724033 -0.667151 -0.616208 -0.570304 -0.528684 -0.490727 -0.45593 -0.423884 -0.394254 -0.366762 -0.341173 -0.317285 -0.294923 -0.273936 -0.254188 -0.23556 -0.217947 -0.201254 -0.185395 -0.170295 -0.155884 -0.1421 -0.128888 -0.116196 -0.103978 -0.092191 -0.0807972 -0.0697607 -0.0590485 -0.04863 -0.0384769 -0.0285621 -0.0188603 -0.00934722 
-0.214964 -0.436441 -0.669123 -0.955405 -1.34287 -1.83138 -2.37846 -3.18855 -3.86156 -4.19536 -4.19113 -3.98474 -3.67684 -3.32867 -2.97633 -2.6405 -2.33186 -2.05481 -1.81059 -1.59776 -1.41372 -1.2558 -1.12014 -1.00309 -0.901705 -0.813421 -0.737103 -0.670857 -0.612913 -0.561784 -0.516464 -0.476012 -0.439671 -0.40682 -0.376948 -0.349641 -0.324562 -0.301432 -0.280023 -0.260142 -0.241625 -0.224328 -0.20813 -0.192921 -0.178604 -0.165094 -0.152314 -0.140196 -0.128678 -0.117705 -0.107226 -0.0971968 -0.0875762 -0.0783272 -0.0694159 -0.0608114 -0.0524854 -0.0444115 -0.0365657 -0.0289251 -0.0214684 -0.0141752 -0.00702544 
-0.195834 -0.398527 -0.608625 -0.865078 -1.21866 -1.69255 -2.24922 -3.24311 -4.17855 -4.42032 -4.18802 -3.7644 -3.28913 -2.82905 -2.41429 -2.05545 -1.75213 -1.49831 -1.2879 -1.11397 -0.969761 -0.849476 -0.749146 -0.665519 -0.594979 -0.53494 -0.483207 -0.438409 -0.399415 -0.365189 -0.334959 -0.308073 -0.284 -0.262303 -0.24263 -0.224693 -0.208259 -0.193138 -0.179172 -0.166232 -0.154205 -0.142994 -0.132518 -0.122702 -0.11348 -0.104796 -0.0965973 -0.0888375 -0.0814751 -0.0744729 -0.0677971 -0.0614175 -0.0553066 -0.0494396 -0.0437938 -0.0383487 -0.0330853 -0.0279863 -0.0230356 -0.0182181 -0.01352 -0.00892744 -0.00442653 
-0.167971 -0.343469 -0.523408 -0.741466 -1.04189 -1.45137 -1.91501 -2.93781 -3.99516 -3.58219 -2.89293 -2.26113 -1.75675 -1.37431 -1.08927 -0.876458 -0.716374 -0.595517 -0.501872 -0.427807 -0.368426 -0.320366 -0.280892 -0.247957 -0.220437 -0.197311 -0.177569 -0.160573 -0.145858 -0.133013 -0.121717 -0.111711 -0.10278 -0.0947549 -0.0874957 -0.0808917 -0.0748536 -0.0693092 -0.064199 -0.0594738 -0.0550917 -0.0510165 -0.0472168 -0.0436648 -0.0403358 -0.0372078 -0.0342611 -0.0314781 -0.0288431 -0.0263419 -0.0239617 -0.021691 -0.0195196 -0.017438 -0.0154378 -0.0135113 -0.0116514 -0.0098516 -0.00810594 -0.00640896 -0.00475575 -0.00314227 -0.00156615 
