8.01409 14.6877 19.8567 23.3704 25.3076 25.9042 25.4443 24.1919 22.3724 20.1757 17.7659 15.2899 12.8773 10.6406 8.67001 7.03047 5.77837 5.183 4.71791 3.83373 2.93339 2.14433 1.52255 1.07181 0.756447 0.548185 0.411284 0.317658 0.248101 0.191524 0.143645 0.102638 0.0673957 0.0370205 0.0106942 -0.0123657 -0.0329169 -0.0516896 -0.0693808 -0.0866492 -0.104113 -0.122347 -0.141779 -0.162794 -0.186146 -0.21223 -0.241269 -0.273319 -0.309169 -0.34945 -0.394706 -0.445718 -0.503106 -0.56758 -0.640496 -0.723374 -0.817779 -0.924703 -1.04328 -1.17083 -1.30105 -1.42295 -1.5213 
5.60575 10.6544 14.7633 17.684 19.377 19.9748 19.6885 18.7345 17.3079 15.5751 13.6763 11.7344 9.85475 8.13291 6.65573 5.51684 4.83525 4.75609 4.76858 4.44246 3.94061 3.38571 2.82351 2.28337 1.80297 1.40079 1.0772 0.820844 0.622113 0.465048 0.336416 0.228729 0.137032 0.05776 -0.0118493 -0.0741097 -0.13107 -0.184608 -0.236473 -0.288308 -0.341654 -0.398048 -0.458715 -0.524529 -0.597158 -0.67775 -0.767792 -0.868861 -0.980854 -1.10505 -1.2431 -1.39695 -1.56775 -1.75612 -1.96274 -2.18734 -2.42878 -2.68517 -2.95329 -3.22666 -3.49635 -3.75126 -3.97984 
3.85824 7.56766 10.7518 13.1143 14.5319 15.0584 14.8473 14.0754 12.9122 11.5049 9.97362 8.42303 6.93647 5.59261 4.46307 3.6354 3.19921 3.20923 3.38728 3.40517 3.23892 2.96467 2.63762 2.29328 1.95203 1.62033 1.31405 1.04 0.797989 0.590557 0.415489 0.266374 0.137397 0.0239493 -0.0776575 -0.170564 -0.257576 -0.341278 -0.424109 -0.508376 -0.596185 -0.68978 -0.791404 -0.902859 -1.02374 -1.15594 -1.30142 -1.46164 -1.63783 -1.83162 -2.04398 -2.27718 -2.53285 -2.81234 -3.11277 -3.43049 -3.76178 -4.10156 -4.44384 -4.78234 -5.10884 -5.41292 -5.6814 
2.63858 5.31724 7.73247 9.58998 10.7227 11.1337 10.9353 10.2705 9.28562 8.10932 6.84292 5.57753 4.37761 3.30985 2.42827 1.81303 1.52521 1.60874 1.92813 2.17364 2.2483 2.19335 2.05386 1.86507 1.65023 1.42494 1.19598 0.971347 0.754858 0.555784 0.376276 0.215588 0.0710547 -0.0603384 -0.181513 -0.295382 -0.404788 -0.512515 -0.621315 -0.7339 -0.853068 -0.978974 -1.11252 -1.25554 -1.41006 -1.5772 -1.75851 -1.95574 -2.17021 -2.40012 -2.64444 -2.89959 -3.16491 -3.43975 -3.72638 -4.02714 -4.34314 -4.67496 -5.02258 -5.38429 -5.75547 -6.12528 -6.47223 
1.79284 3.70244 5.50327 6.92543 7.78491 8.05648 7.82807 7.21901 6.35633 5.35172 4.28706 3.24295 2.26587 1.41802 0.737592 0.301528 0.163169 0.299136 0.629732 1.01671 1.29575 1.39906 1.39814 1.32935 1.21581 1.07169 0.908498 0.736772 0.568047 0.403275 0.244944 0.0939837 -0.0487855 -0.184089 -0.313326 -0.438566 -0.562149 -0.686677 -0.815037 -0.948173 -1.08502 -1.2274 -1.3774 -1.5367 -1.70671 -1.88668 -2.07359 -2.26561 -2.46255 -2.66608 -2.87693 -3.09592 -3.32299 -3.55866 -3.80369 -4.05942 -4.3277 -4.6112 -4.91364 -5.23973 -5.59442 -5.97926 -6.38258 
1.1997 2.53982 3.86071 4.92632 5.55094 5.69335 5.4265 4.85161 4.08024 3.20942 2.30317 1.43538 0.63462 -0.0242838 -0.491572 -0.750805 -0.775805 -0.610592 -0.334839 0.0457539 0.407988 0.651997 0.766858 0.792357 0.756887 0.679202 0.574344 0.454444 0.326119 0.193504 0.0597792 -0.0726484 -0.20326 -0.332024 -0.460089 -0.588176 -0.717704 -0.850809 -0.986724 -1.12519 -1.26729 -1.41358 -1.56317 -1.7158 -1.87148 -2.03007 -2.19224 -2.35793 -2.52716 -2.69976 -2.87576 -3.05537 -3.23836 -3.42449 -3.61347 -3.80528 -4.00036 -4.20008 -4.40748 -4.62867 -4.87488 -5.1637 -5.51187 
0.783712 1.70496 2.6556 3.43493 3.86453 3.89537 3.59183 3.04218 2.34573 1.58617 0.813784 0.0994697 -0.506964 -0.986298 -1.29208 -1.41929 -1.3712 -1.19795 -0.953615 -0.642725 -0.31145 -0.00263044 0.18905 0.288533 0.319064 0.299662 0.245791 0.169163 0.0769909 -0.0258361 -0.135854 -0.25042 -0.367881 -0.487483 -0.608934 -0.733099 -0.860741 -0.989615 -1.11865 -1.24802 -1.37837 -1.5099 -1.64303 -1.77804 -1.9143 -2.05162 -2.19018 -2.32988 -2.47043 -2.61128 -2.75186 -2.89154 -3.02934 -3.16396 -3.29373 -3.41664 -3.53035 -3.63224 -3.71961 -3.79059 -3.8468 -3.90064 -3.98949 
0.489769 1.1028 1.76967 2.3243 2.60112 2.54756 2.2216 1.70089 1.07515 0.409556 -0.21125 -0.77114 -1.22887 -1.56474 -1.75396 -1.79864 -1.71433 -1.54722 -1.34065 -1.11136 -0.834365 -0.552235 -0.309527 -0.155573 -0.0734452 -0.045527 -0.0570234 -0.0966635 -0.156716 -0.231787 -0.318012 -0.412519 -0.513287 -0.619035 -0.728906 -0.842333 -0.957457 -1.07282 -1.18842 -1.30428 -1.42035 -1.53663 -1.65322 -1.77003 -1.88674 -2.00306 -2.11877 -2.23348 -2.34659 -2.45725 -2.56441 -2.6668 -2.76274 -2.85 -2.92572 -2.98616 -3.02645 -3.04004 -3.01774 -2.94613 -2.80433 -2.55939 -2.16182 
0.283861 0.670422 1.12104 1.50042 1.65931 1.545 1.20994 0.723264 0.179817 -0.365788 -0.863656 -1.29532 -1.63405 -1.86585 -1.97305 -1.97045 -1.88119 -1.73245 -1.55889 -1.37535 -1.16282 -0.930762 -0.699168 -0.521285 -0.40584 -0.343184 -0.321451 -0.330569 -0.36296 -0.413082 -0.476867 -0.551266 -0.634 -0.723353 -0.817896 -0.915991 -1.01541 -1.11576 -1.21666 -1.31782 -1.41891 -1.51969 -1.6199 -1.719 -1.81694 -1.9133 -2.0076 -2.0992 -2.18724 -2.27064 -2.34803 -2.41774 -2.47761 -2.52487 -2.55595 -2.56622 -2.54958 -2.49771 -2.39884 -2.23559 -1.97941 -1.58254 -0.944977 
0.140263 0.360276 0.646499 0.890714 0.962277 0.811087 0.481222 0.0612723 -0.395413 -0.841296 -1.23698 -1.56744 -1.81868 -1.96881 -2.02616 -2.00487 -1.92413 -1.8039 -1.66132 -1.51178 -1.34619 -1.16525 -0.979147 -0.802406 -0.671135 -0.586527 -0.540877 -0.526265 -0.535939 -0.564637 -0.608333 -0.663924 -0.72897 -0.801488 -0.879771 -0.961239 -1.04497 -1.13021 -1.21632 -1.30276 -1.38902 -1.47465 -1.55915 -1.64176 -1.72217 -1.80011 -1.87494 -1.94582 -2.01172 -2.07141 -2.12337 -2.1657 -2.19604 -2.21143 -2.20809 -2.18125 -2.12471 -2.03024 -1.88663 -1.67877 -1.38142 -0.965633 -0.442214 
0.0400881 0.142555 0.302834 0.442345 0.448687 0.286605 -0.010387 -0.369305 -0.748294 -1.10843 -1.42038 -1.67301 -1.85075 -1.94828 -1.97832 -1.95292 -1.88651 -1.79321 -1.68319 -1.56312 -1.43361 -1.29178 -1.1428 -0.995434 -0.868266 -0.773708 -0.713182 -0.681672 -0.673816 -0.685039 -0.711613 -0.75054 -0.799369 -0.856023 -0.91815 -0.984215 -1.05311 -1.12393 -1.19586 -1.2682 -1.34031 -1.41157 -1.48135 -1.54892 -1.61358 -1.6749 -1.73242 -1.78514 -1.83196 -1.87158 -1.90243 -1.92254 -1.92954 -1.9205 -1.89174 -1.83872 -1.75569 -1.63517 -1.4667 -1.23722 -0.934135 -0.560395 -0.199723 
-0.0306236 -0.0115252 0.0578781 0.119591 0.0856196 -0.0733131 -0.331717 -0.633628 -0.944272 -1.23284 -1.47808 -1.66881 -1.79221 -1.85695 -1.87298 -1.85015 -1.79893 -1.72928 -1.64747 -1.55397 -1.45341 -1.34355 -1.22686 -1.10896 -0.997667 -0.906256 -0.839626 -0.79765 -0.777366 -0.775166 -0.787836 -0.812653 -0.847281 -0.889462 -0.937324 -0.989504 -1.04484 -1.10233 -1.16109 -1.22033 -1.2793 -1.33729 -1.3936 -1.44745 -1.49814 -1.54506 -1.58745 -1.62453 -1.6552 -1.67814 -1.69179 -1.69422 -1.68313 -1.65575 -1.60858 -1.53732 -1.43653 -1.29949 -1.1181 -0.883328 -0.599137 -0.307265 -0.103966 
-0.080046 -0.119367 -0.113706 -0.105734 -0.163812 -0.313214 -0.534731 -0.785886 -1.03792 -1.26762 -1.45911 -1.6018 -1.68763 -1.73104 -1.73976 -1.72149 -1.68363 -1.63332 -1.57276 -1.50212 -1.4259 -1.34258 -1.2528 -1.15972 -1.06827 -0.987314 -0.922829 -0.876959 -0.849105 -0.837333 -0.839286 -0.852634 -0.875206 -0.905081 -0.940663 -0.980645 -1.02389 -1.06937 -1.1162 -1.16351 -1.21054 -1.25653 -1.30071 -1.34233 -1.38065 -1.41496 -1.44447 -1.46837 -1.48559 -1.49486 -1.49463 -1.4831 -1.45806 -1.41685 -1.35619 -1.27212 -1.15969 -1.01347 -0.827638 -0.605755 -0.370634 -0.167239 -0.0528286 
-0.114276 -0.19402 -0.232119 -0.259645 -0.330346 -0.466726 -0.654743 -0.861953 -1.06556 -1.24769 -1.39637 -1.50389 -1.56513 -1.59394 -1.59833 -1.5842 -1.55694 -1.51948 -1.47472 -1.42357 -1.36789 -1.30655 -1.23915 -1.1674 -1.09468 -1.02656 -0.968435 -0.923421 -0.892374 -0.874662 -0.868865 -0.873269 -0.886133 -0.905858 -0.931056 -0.960523 -0.993181 -1.02805 -1.06425 -1.10092 -1.13727 -1.17255 -1.20598 -1.23681 -1.2643 -1.28771 -1.30625 -1.31907 -1.32514 -1.32323 -1.31187 -1.28931 -1.25349 -1.20187 -1.13141 -1.03856 -0.919093 -0.769031 -0.591801 -0.398091 -0.21507 -0.0873824 -0.0235229 
-0.137475 -0.244657 -0.312141 -0.362356 -0.438503 -0.56118 -0.720225 -0.890906 -1.05518 -1.19933 -1.31452 -1.39554 -1.44059 -1.46013 -1.46136 -1.44941 -1.4284 -1.40067 -1.36837 -1.33235 -1.29302 -1.24922 -1.19994 -1.14593 -1.0895 -1.0341 -0.984084 -0.942666 -0.911451 -0.890698 -0.879784 -0.877619 -0.88293 -0.894455 -0.911023 -0.931566 -0.955104 -0.980726 -1.00758 -1.03486 -1.06179 -1.08762 -1.11161 -1.13302 -1.15111 -1.16515 -1.17436 -1.17788 -1.1747 -1.16366 -1.14334 -1.11208 -1.06789 -1.00844 -0.930931 -0.83218 -0.710435 -0.566953 -0.40777 -0.248725 -0.115267 -0.0363423 -0.00447678 
-0.152978 -0.278536 -0.365426 -0.429545 -0.50647 -0.615619 -0.750127 -0.891081 -1.0241 -1.13864 -1.22827 -1.28974 -1.32322 -1.33638 -1.33527 -1.32443 -1.30738 -1.28638 -1.2631 -1.23813 -1.21119 -1.18079 -1.14566 -1.1059 -1.06291 -1.01895 -0.977251 -0.940697 -0.911152 -0.889413 -0.875444 -0.86868 -0.868279 -0.873301 -0.882798 -0.895863 -0.911629 -0.929275 -0.948014 -0.96709 -0.985773 -1.00334 -1.01909 -1.03231 -1.04229 -1.0483 -1.04958 -1.04528 -1.03444 -1.0159 -0.988339 -0.950178 -0.899508 -0.834128 -0.752118 -0.652202 -0.534444 -0.402445 -0.265505 -0.140928 -0.0504836 -0.00333952 0.00817283 
-0.163101 -0.30074 -0.400176 -0.472439 -0.547662 -0.644609 -0.759004 -0.876208 -0.98471 -1.07641 -1.14667 -1.19368 -1.21854 -1.22698 -1.22398 -1.21354 -1.19881 -1.18205 -1.16472 -1.14726 -1.12911 -1.10842 -1.08389 -1.05515 -1.02289 -0.988592 -0.954535 -0.923112 -0.896156 -0.874723 -0.859166 -0.849315 -0.844686 -0.844618 -0.848382 -0.855231 -0.864425 -0.875242 -0.886976 -0.898936 -0.910445 -0.92083 -0.929421 -0.935545 -0.938522 -0.937651 -0.932188 -0.921309 -0.904071 -0.879368 -0.845892 -0.802198 -0.746807 -0.6782 -0.595193 -0.497631 -0.387428 -0.270221 -0.156825 -0.062926 -0.00420929 0.0200031 0.0172311 
-0.169633 -0.315136 -0.422569 -0.499275 -0.571463 -0.657665 -0.755761 -0.854297 -0.943925 -1.01832 -1.07416 -1.11055 -1.12898 -1.13383 -1.1292 -1.1186 -1.10496 -1.09048 -1.07659 -1.06366 -1.05113 -1.03699 -1.01998 -0.999408 -0.975448 -0.948903 -0.921365 -0.894725 -0.870627 -0.85019 -0.833988 -0.822151 -0.814442 -0.810423 -0.809557 -0.811256 -0.814909 -0.819899 -0.825608 -0.831416 -0.836705 -0.840855 -0.84324 -0.843227 -0.840166 -0.833382 -0.822156 -0.805694 -0.783103 -0.753367 -0.715364 -0.667892 -0.609762 -0.54004 -0.458392 -0.365828 -0.265761 -0.165181 -0.0749639 -0.00742395 0.0288201 0.0368657 0.0238998 
-0.173773 -0.324332 -0.43678 -0.515682 -0.584461 -0.661658 -0.746845 -0.830918 -0.906175 -0.967598 -1.01277 -1.04138 -1.055 -1.05706 -1.05098 -1.03984 -1.02635 -1.01269 -1.00028 -0.989576 -0.979912 -0.96974 -0.957675 -0.942805 -0.924929 -0.904295 -0.881995 -0.859451 -0.838045 -0.818884 -0.802632 -0.789536 -0.779557 -0.772449 -0.767839 -0.765278 -0.764273 -0.764305 -0.76484 -0.765333 -0.765229 -0.763963 -0.76096 -0.755629 -0.747362 -0.735523 -0.719429 -0.698338 -0.67143 -0.637807 -0.596521 -0.546627 -0.487321 -0.418232 -0.339839 -0.254188 -0.16575 -0.0819869 -0.0126142 0.0333978 0.0529019 0.0492559 0.0288753 
-0.176408 -0.330238 -0.445833 -0.525615 -0.591 -0.660739 -0.735814 -0.808857 -0.873367 -0.925241 -0.962676 -0.985668 -0.995734 -0.995644 -0.988275 -0.976356 -0.962388 -0.948477 -0.936094 -0.925799 -0.91707 -0.908731 -0.899454 -0.888183 -0.874375 -0.85798 -0.839627 -0.820371 -0.801339 -0.783459 -0.767379 -0.753448 -0.741755 -0.732196 -0.72453 -0.718424 -0.71349 -0.7093 -0.705398 -0.70131 -0.696544 -0.690593 -0.682932 -0.673022 -0.660297 -0.644168 -0.624004 -0.599126 -0.568803 -0.53227 -0.488764 -0.437617 -0.378429 -0.311383 -0.23769 -0.160203 -0.0839668 -0.0161734 0.0352247 0.0643358 0.0710234 0.0586102 0.0326677 
-0.178105 -0.334085 -0.451674 -0.531645 -0.593988 -0.657761 -0.725065 -0.78981 -0.84638 -0.891312 -0.923192 -0.942177 -0.949659 -0.947923 -0.939427 -0.926598 -0.911742 -0.896881 -0.883517 -0.872357 -0.863122 -0.854974 -0.846734 -0.837291 -0.825889 -0.81228 -0.796755 -0.779984 -0.762794 -0.74596 -0.730082 -0.715537 -0.702494 -0.690944 -0.680746 -0.671666 -0.663402 -0.655606 -0.647896 -0.639863 -0.631075 -0.621081 -0.609412 -0.595574 -0.579055 -0.559315 -0.535782 -0.507851 -0.474895 -0.436287 -0.391467 -0.340054 -0.282049 -0.21815 -0.150177 -0.0815169 -0.0173378 0.0359411 0.0722735 0.088242 0.0850002 0.0658472 0.0356213 
-0.179265 -0.336738 -0.455658 -0.535503 -0.595216 -0.654255 -0.715656 -0.774266 -0.825084 -0.865077 -0.893065 -0.909262 -0.914912 -0.91194 -0.90248 -0.888707 -0.872744 -0.856518 -0.841541 -0.828672 -0.817925 -0.808774 -0.800246 -0.79128 -0.780969 -0.768919 -0.755144 -0.740012 -0.724093 -0.70799 -0.69222 -0.677148 -0.662977 -0.64976 -0.637429 -0.625825 -0.614718 -0.603831 -0.592845 -0.581412 -0.569158 -0.555684 -0.540572 -0.523381 -0.503649 -0.480891 -0.454601 -0.424257 -0.389339 -0.349373 -0.304009 -0.253153 -0.197183 -0.137253 -0.075631 -0.0159709 0.0367999 0.077293 0.101198 0.106824 0.0958635 0.0714906 0.0379359 
-0.18013 -0.33872 -0.458611 -0.538245 -0.595811 -0.651192 -0.708189 -0.76233 -0.809051 -0.845595 -0.87091 -0.88521 -0.889592 -0.885712 -0.875447 -0.860759 -0.843604 -0.82581 -0.808921 -0.793912 -0.781034 -0.770064 -0.760262 -0.750683 -0.740401 -0.728887 -0.715942 -0.701695 -0.686494 -0.670775 -0.654953 -0.639352 -0.624177 -0.609516 -0.595349 -0.581575 -0.568022 -0.554471 -0.54066 -0.526294 -0.511051 -0.494584 -0.476523 -0.456479 -0.434041 -0.408783 -0.380268 -0.348063 -0.311764 -0.271054 -0.225793 -0.176167 -0.122893 -0.06749 -0.0125167 0.0383505 0.0806591 0.110096 0.123773 0.121227 0.104263 0.0758547 0.0397281 
-0.18086 -0.340381 -0.46108 -0.540542 -0.596388 -0.648962 -0.702717 -0.753672 -0.797549 -0.831756 -0.855303 -0.868364 -0.871905 -0.867377 -0.856456 -0.840925 -0.822597 -0.803234 -0.784333 -0.766973 -0.751635 -0.738357 -0.726624 -0.715633 -0.704582 -0.692786 -0.679906 -0.665891 -0.650903 -0.635224 -0.619159 -0.602974 -0.586856 -0.570902 -0.555124 -0.539458 -0.523783 -0.507923 -0.491667 -0.474766 -0.456946 -0.437906 -0.417325 -0.394861 -0.370158 -0.342851 -0.312574 -0.278987 -0.241806 -0.200874 -0.156257 -0.108396 -0.0583002 -0.00775268 0.040554 0.0831086 0.11606 0.136101 0.141442 0.132362 0.110692 0.0791654 0.0410781 
-0.181542 -0.341917 -0.463368 -0.542765 -0.597291 -0.647759 -0.699172 -0.747902 -0.789854 -0.82253 -0.844952 -0.857245 -0.86026 -0.855286 -0.843845 -0.82757 -0.808171 -0.787296 -0.766419 -0.746693 -0.728796 -0.712991 -0.69898 -0.686123 -0.673641 -0.660903 -0.64747 -0.633145 -0.617935 -0.601981 -0.585482 -0.568634 -0.551593 -0.534449 -0.517228 -0.499896 -0.482362 -0.464492 -0.446111 -0.427016 -0.406973 -0.385724 -0.362994 -0.338489 -0.311906 -0.282941 -0.251305 -0.21675 -0.179117 -0.138404 -0.094873 -0.0491904 -0.00259374 0.0429677 0.0848046 0.119699 0.144439 0.156583 0.155147 0.140851 0.115494 0.0815826 0.042043 
-0.182231 -0.343448 -0.465665 -0.545123 -0.598655 -0.64755 -0.6973 -0.744521 -0.785226 -0.816954 -0.838715 -0.850575 -0.85329 -0.848029 -0.836187 -0.819291 -0.79893 -0.776667 -0.753939 -0.731946 -0.711549 -0.693162 -0.676689 -0.661654 -0.647369 -0.633249 -0.618811 -0.603758 -0.587972 -0.571474 -0.554365 -0.536772 -0.518808 -0.500546 -0.482016 -0.463198 -0.444026 -0.424396 -0.404167 -0.383169 -0.361209 -0.338067 -0.313512 -0.287295 -0.259168 -0.228888 -0.196244 -0.161084 -0.123368 -0.0832447 -0.0411527 0.00205188 0.0449678 0.085574 0.121291 0.149268 0.166905 0.172471 0.165552 0.147114 0.118904 0.0832152 0.0426617 
-0.18295 -0.345029 -0.468054 -0.547708 -0.600523 -0.648265 -0.696858 -0.743093 -0.783033 -0.81422 -0.835636 -0.847294 -0.849871 -0.844442 -0.832305 -0.814895 -0.793701 -0.770209 -0.745823 -0.721768 -0.698992 -0.678079 -0.659105 -0.641752 -0.625457 -0.609682 -0.593931 -0.577844 -0.561211 -0.543956 -0.526093 -0.507681 -0.488787 -0.469463 -0.449732 -0.429579 -0.408957 -0.387781 -0.36594 -0.343295 -0.319684 -0.294927 -0.26883 -0.241192 -0.211816 -0.180524 -0.14718 -0.111728 -0.0742443 -0.0350172 0.00536132 0.0458874 0.0850595 0.120866 0.150913 0.172746 0.184316 0.184452 0.173132 0.151448 0.121081 0.0841359 0.0429597 
-0.18371 -0.346688 -0.47058 -0.550552 -0.602864 -0.649763 -0.697571 -0.743196 -0.782713 -0.813642 -0.834932 -0.846544 -0.849093 -0.843584 -0.83124 -0.813417 -0.791521 -0.76697 -0.741128 -0.715229 -0.690286 -0.667004 -0.645608 -0.625931 -0.607545 -0.589968 -0.572714 -0.555387 -0.537715 -0.519545 -0.500817 -0.481529 -0.461704 -0.441366 -0.420526 -0.39917 -0.377258 -0.354726 -0.331482 -0.307412 -0.282387 -0.256258 -0.228871 -0.20007 -0.169709 -0.137672 -0.103899 -0.0684283 -0.0314458 0.00663653 0.045099 0.0828326 0.118294 0.149547 0.17443 0.190881 0.19733 0.193038 0.178241 0.15406 0.122133 0.0843939 0.0429544 
-0.184511 -0.34843 -0.473249 -0.553647 -0.60563 -0.651919 -0.69921 -0.74449 -0.783817 -0.814678 -0.835981 -0.847647 -0.850243 -0.844718 -0.832239 -0.814094 -0.791624 -0.766185 -0.739098 -0.711591 -0.684728 -0.659291 -0.63563 -0.613716 -0.593253 -0.573824 -0.55497 -0.536282 -0.517447 -0.498255 -0.478587 -0.458388 -0.437638 -0.416334 -0.39447 -0.372028 -0.348973 -0.325251 -0.300789 -0.275495 -0.249266 -0.221985 -0.193535 -0.163801 -0.132689 -0.100147 -0.066187 -0.0309348 0.00532113 0.0420622 0.0784697 0.113371 0.145232 0.172238 0.192486 0.204282 0.206459 0.198608 0.181121 0.155093 0.122142 0.0840289 0.0426605 
-0.185351 -0.35025 -0.476055 -0.556973 -0.608756 -0.6546 -0.701564 -0.746682 -0.785977 -0.816893 -0.8383 -0.850082 -0.852769 -0.847275 -0.834719 -0.816335 -0.793412 -0.767249 -0.739127 -0.710258 -0.68173 -0.654382 -0.628659 -0.604656 -0.582199 -0.560941 -0.540462 -0.520359 -0.500295 -0.480022 -0.459374 -0.43825 -0.416595 -0.394375 -0.371569 -0.34815 -0.324084 -0.299325 -0.273814 -0.247478 -0.220236 -0.192003 -0.162693 -0.132237 -0.100589 -0.0677551 -0.0338214 0.00100578 0.0363484 0.0715993 0.10587 0.137961 0.166389 0.189493 0.205632 0.213449 0.212112 0.201461 0.181994 0.154687 0.121192 0.0830821 0.0420936 
-0.186222 -0.352138 -0.478982 -0.560501 -0.612183 -0.657703 -0.704469 -0.749548 -0.788913 -0.81996 -0.841521 -0.853453 -0.85626 -0.850827 -0.838241 -0.819693 -0.796427 -0.769695 -0.740737 -0.710741 -0.680805 -0.651797 -0.624241 -0.598334 -0.574011 -0.551 -0.528928 -0.507409 -0.486099 -0.464726 -0.443087 -0.421048 -0.398517 -0.375439 -0.351772 -0.32748 -0.302528 -0.276874 -0.25047 -0.223258 -0.195181 -0.166178 -0.136198 -0.105211 -0.0732212 -0.0402906 -0.00657211 0.0276537 0.061932 0.0955872 0.127688 0.157042 0.182248 0.201816 0.214359 0.218815 0.214624 0.201814 0.180953 0.153021 0.119368 0.0815884 0.0412661 
-0.18712 -0.354084 -0.482016 -0.5642 -0.615856 -0.661132 -0.707788 -0.752909 -0.792407 -0.823628 -0.845371 -0.857468 -0.860409 -0.855059 -0.842482 -0.823832 -0.800323 -0.773162 -0.74355 -0.712649 -0.681545 -0.651126 -0.621973 -0.594366 -0.568337 -0.543686 -0.520093 -0.497199 -0.474665 -0.452204 -0.429591 -0.406663 -0.383302 -0.359428 -0.334982 -0.30992 -0.2842 -0.257785 -0.230633 -0.202703 -0.173954 -0.144352 -0.113878 -0.0825385 -0.0503841 -0.0175318 0.0158049 0.0492803 0.0823769 0.114371 0.144313 0.171046 0.193271 0.209677 0.219114 0.220772 0.214315 0.199917 0.178201 0.150102 0.116668 0.0795582 0.0401863 
-0.188038 -0.356078 -0.485138 -0.568046 -0.619731 -0.664817 -0.711419 -0.756631 -0.796299 -0.827716 -0.849651 -0.861918 -0.864997 -0.859743 -0.847203 -0.828509 -0.804842 -0.777375 -0.747272 -0.715663 -0.683615 -0.652022 -0.621503 -0.592408 -0.564848 -0.538694 -0.513681 -0.489482 -0.465774 -0.442265 -0.418717 -0.394944 -0.370807 -0.346206 -0.321067 -0.295334 -0.268962 -0.241913 -0.214152 -0.18565 -0.156385 -0.126344 -0.0955384 -0.0640113 -0.0318563 0.000759936 0.0335695 0.0661716 0.0980009 0.128304 0.156137 0.180399 0.199906 0.213525 0.220318 0.21969 0.21148 0.195965 0.1738 0.145889 0.113244 0.0770599 0.038882 
-0.188972 -0.358109 -0.488336 -0.572016 -0.62377 -0.6687 -0.715283 -0.760615 -0.800471 -0.832093 -0.854219 -0.866652 -0.869868 -0.864717 -0.852238 -0.833547 -0.809793 -0.782125 -0.751671 -0.719529 -0.686739 -0.654188 -0.622524 -0.592148 -0.563239 -0.535733 -0.509419 -0.484009 -0.459199 -0.434703 -0.410274 -0.385713 -0.360864 -0.335611 -0.309864 -0.283559 -0.256645 -0.229084 -0.200847 -0.171914 -0.142277 -0.111948 -0.0809648 -0.0494033 -0.0173973 0.0148419 0.0469995 0.0786307 0.109137 0.137753 0.16356 0.185526 0.202594 0.213794 0.21838 0.215934 0.206427 0.190209 0.167944 0.140511 0.108901 0.0741309 0.0373683 
-0.189917 -0.360171 -0.491598 -0.576092 -0.627946 -0.67274 -0.719323 -0.764789 -0.804841 -0.836667 -0.858977 -0.871569 -0.874916 -0.869872 -0.85747 -0.838816 -0.815036 -0.787255 -0.75657 -0.724044 -0.690688 -0.657374 -0.624768 -0.593311 -0.563232 -0.53453 -0.507046 -0.480531 -0.454707 -0.429298 -0.404056 -0.378775 -0.353285 -0.327457 -0.30119 -0.27441 -0.247062 -0.219107 -0.190518 -0.161286 -0.131417 -0.100942 -0.0699233 -0.0384689 -0.00674781 0.0249901 0.0563915 0.0869784 0.116133 0.143095 0.166985 0.186854 0.201766 0.21091 0.213701 0.209865 0.199475 0.182926 0.160875 0.134158 0.103705 0.0704902 0.0355559 
-0.190871 -0.362256 -0.494915 -0.580262 -0.632239 -0.676906 -0.723497 -0.769104 -0.809352 -0.841375 -0.86386 -0.876599 -0.88007 -0.875132 -0.862819 -0.844229 -0.820468 -0.792647 -0.761829 -0.729046 -0.695274 -0.661371 -0.628006 -0.59565 -0.564576 -0.534833 -0.506313 -0.478808 -0.452067 -0.425829 -0.399851 -0.373922 -0.347867 -0.321544 -0.294844 -0.267685 -0.240007 -0.211768 -0.182948 -0.153542 -0.123571 -0.0930824 -0.0621619 -0.0309445 0.000369961 0.0314991 0.0620599 0.0915524 0.119353 0.14472 0.166825 0.184806 0.197851 0.205285 0.206666 0.201835 0.190939 0.1744 0.15286 0.127106 0.0980125 0.0664917 0.033494 
-0.19183 -0.364361 -0.498279 -0.584516 -0.636634 -0.681177 -0.727777 -0.773524 -0.813963 -0.846175 -0.868825 -0.881699 -0.885285 -0.880449 -0.86823 -0.849725 -0.826019 -0.798214 -0.767343 -0.734405 -0.700346 -0.666 -0.63204 -0.598952 -0.567043 -0.536409 -0.506987 -0.478609 -0.451053 -0.424075 -0.397443 -0.370945 -0.344401 -0.317664 -0.290617 -0.263171 -0.235261 -0.206846 -0.177905 -0.148444 -0.118492 -0.0881137 -0.0574135 -0.0265504 0.00425007 0.0346802 0.0643357 0.0927057 0.119172 0.143024 0.163492 0.179805 0.191263 0.197319 0.197646 0.192178 0.181115 0.164892 0.144128 0.119565 0.0920148 0.0623242 0.0313599 
-0.192794 -0.366481 -0.501685 -0.588847 -0.64112 -0.685537 -0.732143 -0.778027 -0.818652 -0.851043 -0.873844 -0.886842 -0.890532 -0.885792 -0.873669 -0.855258 -0.831642 -0.803893 -0.773028 -0.740018 -0.705777 -0.671115 -0.636699 -0.603029 -0.570433 -0.539049 -0.508854 -0.479719 -0.451449 -0.423824 -0.39662 -0.369631 -0.342677 -0.315605 -0.288293 -0.260646 -0.232599 -0.204106 -0.175151 -0.145744 -0.115924 -0.085768 -0.0553988 -0.0249941 0.00520018 0.034858 0.0635628 0.0908026 0.115976 0.138409 0.157399 0.172263 0.182407 0.187393 0.18699 0.181205 0.170272 0.15463 0.134869 0.111682 0.0858203 0.0580615 0.0291927 
-0.193759 -0.368613 -0.505131 -0.593252 -0.645693 -0.689977 -0.736585 -0.7826 -0.823402 -0.855963 -0.878904 -0.892014 -0.895797 -0.891145 -0.879115 -0.860805 -0.837295 -0.809632 -0.778821 -0.745803 -0.711465 -0.676591 -0.64184 -0.607717 -0.574568 -0.542563 -0.511717 -0.481935 -0.453053 -0.42487 -0.397177 -0.369775 -0.342485 -0.315154 -0.287655 -0.259892 -0.231792 -0.203314 -0.174441 -0.145188 -0.115601 -0.0857699 -0.0558298 -0.0259737 0.00353787 0.0323675 0.0600943 0.0862145 0.110151 0.131276 0.148952 0.162582 0.171669 0.175866 0.175023 0.169199 0.158652 0.143812 0.125237 0.103571 0.0795035 0.0537453 0.027009 
-0.194726 -0.370757 -0.508614 -0.597726 -0.650348 -0.694493 -0.741093 -0.787233 -0.828207 -0.860928 -0.883998 -0.897206 -0.901071 -0.896499 -0.884558 -0.86635 -0.842952 -0.815395 -0.784671 -0.751696 -0.717327 -0.682327 -0.647341 -0.612877 -0.579293 -0.546783 -0.515398 -0.485073 -0.455673 -0.427019 -0.398917 -0.371177 -0.343624 -0.316105 -0.288492 -0.260686 -0.232615 -0.204235 -0.175531 -0.14652 -0.117258 -0.0878406 -0.058414 -0.029182 -0.00041383 0.0275483 0.0542871 0.0793141 0.102083 0.122017 0.138544 0.151147 0.159413 0.163076 0.162046 0.156422 0.146473 0.132613 0.115367 0.0953272 0.073126 0.0494093 0.0248223 
-0.195692 -0.37291 -0.512133 -0.602271 -0.655085 -0.69908 -0.745666 -0.791924 -0.833061 -0.865933 -0.889122 -0.902418 -0.906353 -0.90185 -0.889989 -0.871881 -0.848598 -0.821156 -0.790542 -0.757647 -0.723299 -0.68824 -0.653102 -0.61839 -0.584472 -0.551563 -0.519739 -0.488967 -0.459138 -0.430093 -0.401657 -0.373649 -0.345899 -0.318257 -0.290597 -0.262818 -0.234846 -0.206637 -0.178177 -0.149489 -0.120629 -0.0917017 -0.0628592 -0.0343114 -0.0063315 0.0207401 0.0464963 0.0704702 0.0921519 0.111015 0.126553 0.138322 0.145982 0.149333 0.148334 0.143109 0.133928 0.121189 0.105376 0.0870352 0.0667428 0.0450852 0.0226465 
-0.196659 -0.375071 -0.515686 -0.606885 -0.659903 -0.703739 -0.7503 -0.796671 -0.837965 -0.870981 -0.894278 -0.90765 -0.911644 -0.907198 -0.895408 -0.877391 -0.854221 -0.826902 -0.796412 -0.763619 -0.729329 -0.694263 -0.659039 -0.624156 -0.589991 -0.556772 -0.5246 -0.493467 -0.463288 -0.433928 -0.405226 -0.377013 -0.349128 -0.321424 -0.293775 -0.266082 -0.23827 -0.210296 -0.182147 -0.153847 -0.125455 -0.0970802 -0.0688775 -0.0410591 -0.0138967 0.0122766 0.0370691 0.0600409 0.080721 0.0986348 0.113337 0.124448 0.131693 0.134924 0.134137 0.129471 0.121193 0.109677 0.0953698 0.0787711 0.0604049 0.0408034 0.0204955 
-0.197624 -0.377241 -0.519273 -0.61157 -0.664803 -0.70847 -0.754998 -0.801474 -0.84292 -0.876072 -0.899469 -0.912907 -0.916947 -0.912546 -0.900815 -0.882878 -0.859813 -0.832624 -0.802261 -0.769583 -0.735377 -0.700343 -0.665086 -0.6301 -0.595757 -0.562304 -0.52986 -0.498441 -0.467985 -0.438376 -0.40947 -0.38111 -0.353143 -0.325428 -0.297842 -0.270286 -0.242687 -0.215002 -0.187217 -0.159358 -0.131487 -0.103713 -0.0761908 -0.0491317 -0.0228012 0.00247959 0.0263394 0.0483682 0.0681359 0.0852178 0.0992255 0.109839 0.116834 0.120107 0.119679 0.115699 0.108424 0.098201 0.0854429 0.0706037 0.0541594 0.0365926 0.0183828 
-0.198588 -0.379417 -0.522894 -0.616326 -0.669789 -0.713275 -0.75976 -0.806336 -0.847928 -0.881211 -0.904698 -0.918191 -0.922266 -0.917898 -0.906213 -0.888345 -0.865376 -0.838307 -0.80807 -0.775515 -0.741411 -0.706437 -0.671188 -0.636148 -0.601686 -0.568063 -0.535414 -0.503775 -0.473104 -0.443306 -0.41425 -0.385793 -0.357791 -0.33011 -0.302629 -0.275253 -0.247909 -0.220554 -0.193176 -0.1658 -0.138489 -0.111349 -0.0845346 -0.0582504 -0.0327524 -0.00834584 0.0146217 0.0357725 0.0547174 0.0710797 0.0845227 0.0947767 0.101663 0.105111 0.10516 0.10196 0.0957564 0.0868703 0.0756786 0.0625942 0.0480486 0.0324793 0.0163209 
-0.19955 -0.381601 -0.52655 -0.621156 -0.674862 -0.718156 -0.764588 -0.811259 -0.852993 -0.8864 -0.909971 -0.923509 -0.927607 -0.923259 -0.911605 -0.893793 -0.870908 -0.843948 -0.81383 -0.781399 -0.747405 -0.712512 -0.677298 -0.642241 -0.607711 -0.573971 -0.541173 -0.509371 -0.478539 -0.448601 -0.419443 -0.390932 -0.362936 -0.335324 -0.307984 -0.280821 -0.253764 -0.226772 -0.199832 -0.172968 -0.146241 -0.119756 -0.0936623 -0.0681551 -0.0434778 -0.0199166 0.0022068 0.0225481 0.0407582 0.0565055 0.0694997 0.0795151 0.0864098 0.0901376 0.0907516 0.0883992 0.0833097 0.0757787 0.0661495 0.0547963 0.04211 0.0284869 0.0143212 
-0.20051 -0.38379 -0.53024 -0.62606 -0.680025 -0.723116 -0.769485 -0.816246 -0.858118 -0.891644 -0.915292 -0.928866 -0.932975 -0.928633 -0.916997 -0.899226 -0.87641 -0.849545 -0.819534 -0.787224 -0.753344 -0.718542 -0.683384 -0.64834 -0.613778 -0.579965 -0.547065 -0.515145 -0.484199 -0.454165 -0.424943 -0.396414 -0.368455 -0.340943 -0.31377 -0.286845 -0.260099 -0.23349 -0.207007 -0.180672 -0.154544 -0.128722 -0.103349 -0.0786081 -0.0547287 -0.0319752 -0.0106422 0.00895963 0.0265197 0.0417479 0.0543954 0.0642739 0.0712715 0.0753614 0.0766037 0.0751405 0.0711848 0.0650066 0.0569174 0.047256 0.0363758 0.0246358 0.0123933 
-0.201468 -0.385986 -0.533965 -0.631041 -0.685281 -0.728157 -0.774454 -0.821299 -0.863306 -0.896947 -0.920664 -0.934266 -0.938375 -0.934025 -0.922392 -0.904647 -0.881884 -0.855101 -0.825185 -0.792988 -0.75922 -0.724514 -0.689424 -0.654413 -0.619846 -0.585995 -0.553029 -0.521031 -0.490008 -0.459912 -0.430659 -0.402142 -0.374245 -0.346855 -0.319868 -0.293197 -0.266776 -0.240563 -0.214547 -0.188747 -0.163219 -0.138056 -0.113391 -0.0893968 -0.0662831 -0.0442928 -0.0236925 -0.0047602 0.01223 0.0270258 0.0394148 0.0492408 0.0564159 0.0609278 0.06284 0.0622871 0.0594653 0.0546201 0.0480334 0.040011 0.0308725 0.0209427 0.0105454 
-0.202424 -0.388187 -0.537724 -0.636101 -0.690634 -0.733283 -0.779498 -0.826423 -0.868561 -0.902314 -0.926094 -0.939714 -0.943812 -0.939441 -0.927796 -0.910059 -0.887332 -0.860612 -0.830794 -0.798698 -0.765031 -0.730418 -0.695402 -0.660437 -0.625886 -0.592021 -0.559019 -0.526973 -0.495903 -0.465775 -0.436516 -0.408032 -0.380217 -0.352964 -0.326175 -0.299768 -0.273678 -0.247865 -0.222315 -0.197047 -0.172111 -0.147592 -0.123614 -0.100335 -0.0779478 -0.0566708 -0.0367433 -0.018412 -0.00191694 0.0125238 0.0247297 0.0345716 0.0419811 0.0469562 0.0495612 0.0499221 0.0482183 0.0446721 0.0395379 0.0330914 0.0256212 0.0174209 0.0087839 
-0.203377 -0.390393 -0.541519 -0.641242 -0.696088 -0.738496 -0.784619 -0.831621 -0.873888 -0.907747 -0.931586 -0.945215 -0.949291 -0.944887 -0.933215 -0.915471 -0.892763 -0.866092 -0.836352 -0.804345 -0.770772 -0.736248 -0.701306 -0.666396 -0.631874 -0.598014 -0.564999 -0.532928 -0.501835 -0.471696 -0.442452 -0.414018 -0.386297 -0.359191 -0.332607 -0.306466 -0.280706 -0.255288 -0.230196 -0.205447 -0.181084 -0.157187 -0.133866 -0.111266 -0.0895587 -0.0689415 -0.0496261 -0.0318296 -0.0157606 -0.00160673 0.0104795 0.0203915 0.0280767 0.0335404 0.0368459 0.0381098 0.0374952 0.0352027 0.0314614 0.0265197 0.0206375 0.0140802 0.00711344 
-0.204327 -0.392604 -0.545349 -0.646467 -0.701646 -0.743802 -0.789822 -0.836895 -0.879289 -0.913253 -0.937143 -0.950774 -0.954818 -0.950368 -0.938655 -0.920888 -0.898183 -0.871544 -0.841863 -0.80993 -0.776441 -0.741999 -0.707131 -0.672279 -0.637796 -0.603954 -0.570941 -0.538864 -0.507765 -0.477633 -0.448418 -0.420045 -0.392427 -0.365471 -0.339093 -0.313214 -0.287777 -0.262742 -0.238094 -0.213843 -0.190029 -0.166723 -0.144022 -0.122057 -0.100981 -0.0809676 -0.062204 -0.044879 -0.0291731 -0.0152463 -0.00322709 0.00679709 0.0147863 0.020751 0.0247521 0.0268967 0.0273324 0.02624 0.023825 0.0203109 0.0159318 0.0109271 0.00553714 
-0.205273 -0.394819 -0.549215 -0.651776 -0.707311 -0.749202 -0.795109 -0.842249 -0.884768 -0.918833 -0.942771 -0.956396 -0.960397 -0.95589 -0.944121 -0.926316 -0.903598 -0.876975 -0.847334 -0.815459 -0.78204 -0.747673 -0.712875 -0.678081 -0.643641 -0.609826 -0.576826 -0.544755 -0.513664 -0.48355 -0.454374 -0.42607 -0.398557 -0.371753 -0.345575 -0.319951 -0.294825 -0.270157 -0.24593 -0.222152 -0.198856 -0.176104 -0.153982 -0.132604 -0.112107 -0.092641 -0.07437 -0.0574569 -0.0420567 -0.0283051 -0.0163095 -0.00614148 0.00216931 0.00863697 0.0133191 0.0163135 0.0177534 0.0178011 0.016641 0.0144737 0.0115097 0.00796493 0.00405657 
-0.206216 -0.397039 -0.553116 -0.657174 -0.713089 -0.7547 -0.800483 -0.847686 -0.890328 -0.924493 -0.948473 -0.962085 -0.966035 -0.961457 -0.94962 -0.931761 -0.909014 -0.882389 -0.852773 -0.820936 -0.787577 -0.753275 -0.718541 -0.683802 -0.649405 -0.615622 -0.582643 -0.550587 -0.519512 -0.489424 -0.460292 -0.43206 -0.404653 -0.377996 -0.35201 -0.326629 -0.301797 -0.277475 -0.253644 -0.230308 -0.207495 -0.185256 -0.163667 -0.142828 -0.122855 -0.10388 -0.0860446 -0.0694877 -0.0543413 -0.0407199 -0.0287128 -0.0183777 -0.00973618 -0.00277187 0.00256932 0.00637644 0.00876932 0.00989332 0.00991375 0.00901037 0.00737241 0.00519426 0.0026719 
-0.207155 -0.399261 -0.557054 -0.662662 -0.718983 -0.760301 -0.805948 -0.85321 -0.895974 -0.930235 -0.954254 -0.967847 -0.971735 -0.967076 -0.955157 -0.93723 -0.914437 -0.887792 -0.858182 -0.82638 -0.793064 -0.758814 -0.724134 -0.689446 -0.655089 -0.621338 -0.588384 -0.556348 -0.525295 -0.495237 -0.466153 -0.437991 -0.410688 -0.38417 -0.358366 -0.333213 -0.308654 -0.284654 -0.26119 -0.238263 -0.215893 -0.194125 -0.173022 -0.152669 -0.133167 -0.114628 -0.0971733 -0.0809207 -0.0659815 -0.0524514 -0.0404041 -0.0298857 -0.0209111 -0.0134624 -0.00748917 -0.00291064 0.000380816 0.00251531 0.00364074 0.00391813 0.00351728 0.00261305 0.00138205 
-0.208089 -0.401486 -0.561028 -0.668242 -0.724998 -0.766008 -0.811507 -0.858823 -0.901708 -0.936065 -0.960119 -0.973685 -0.977503 -0.972752 -0.960739 -0.94273 -0.919876 -0.893193 -0.863571 -0.831797 -0.798508 -0.764296 -0.729661 -0.695017 -0.660696 -0.626977 -0.594048 -0.562035 -0.531005 -0.500979 -0.471941 -0.443848 -0.416642 -0.390255 -0.36462 -0.339676 -0.31537 -0.291664 -0.268536 -0.245982 -0.224016 -0.202673 -0.182007 -0.162089 -0.143005 -0.124849 -0.107723 -0.0917267 -0.0769527 -0.0634804 -0.0513699 -0.0406574 -0.0313523 -0.0234358 -0.016861 -0.0115547 -0.00742041 -0.00434175 -0.00218651 -0.000810593 -6.17448e-05 0.000217096 0.000184893 
-0.209018 -0.403714 -0.565037 -0.673917 -0.731138 -0.771825 -0.817164 -0.86453 -0.907535 -0.941986 -0.966071 -0.979605 -0.983345 -0.978491 -0.966371 -0.948266 -0.925338 -0.898607 -0.868964 -0.837181 -0.80391 -0.769728 -0.735127 -0.700517 -0.666233 -0.632542 -0.599637 -0.567645 -0.536639 -0.506644 -0.47765 -0.449621 -0.422504 -0.396236 -0.370755 -0.346002 -0.321925 -0.298486 -0.275662 -0.253443 -0.231839 -0.210877 -0.1906 -0.171067 -0.152349 -0.134525 -0.117679 -0.101895 -0.0872486 -0.0738051 -0.0616127 -0.0506994 -0.04107 -0.032705 -0.0255609 -0.0195715 -0.0146502 -0.0106929 -0.0075815 -0.00518718 -0.00337354 -0.00199965 -0.000922638 
-0.209942 -0.405942 -0.569083 -0.679689 -0.737408 -0.777757 -0.822922 -0.870334 -0.913458 -0.948002 -0.972114 -0.98561 -0.989264 -0.984298 -0.97206 -0.953848 -0.930831 -0.904038 -0.874356 -0.842553 -0.809283 -0.775117 -0.74054 -0.70596 -0.671705 -0.638039 -0.605154 -0.573181 -0.542196 -0.51223 -0.483276 -0.455305 -0.428268 -0.402108 -0.376764 -0.352182 -0.32831 -0.305109 -0.282555 -0.260635 -0.239352 -0.218726 -0.198792 -0.179595 -0.161193 -0.143653 -0.127042 -0.111429 -0.0968769 -0.0834371 -0.0711481 -0.0600304 -0.0500851 -0.0412925 -0.0336122 -0.026984 -0.0213303 -0.0165581 -0.0125617 -0.00922613 -0.00642924 -0.00404472 -0.00194432 
-0.210861 -0.408172 -0.573164 -0.68556 -0.743812 -0.783807 -0.828785 -0.876239 -0.919481 -0.954117 -0.978255 -0.991707 -0.995267 -0.990178 -0.977811 -0.959479 -0.936362 -0.909492 -0.879757 -0.847923 -0.814637 -0.780474 -0.745912 -0.711352 -0.677119 -0.643472 -0.610604 -0.578647 -0.547681 -0.517738 -0.48882 -0.460899 -0.433932 -0.407866 -0.382644 -0.358211 -0.334519 -0.311529 -0.289213 -0.267555 -0.246553 -0.226221 -0.206582 -0.187674 -0.169543 -0.152241 -0.135824 -0.120346 -0.105857 -0.0923992 -0.0800014 -0.0686781 -0.058427 -0.0492283 -0.0410444 -0.0338207 -0.0274873 -0.0219611 -0.0171478 -0.0129444 -0.00924176 -0.00592681 -0.00288452 
-0.211773 -0.4104 -0.577281 -0.691533 -0.750355 -0.78998 -0.834757 -0.882248 -0.925608 -0.960336 -0.984496 -0.997901 -1.00136 -0.996138 -0.983632 -0.965167 -0.941937 -0.914977 -0.885177 -0.853299 -0.819978 -0.785808 -0.751252 -0.716703 -0.682485 -0.648851 -0.615995 -0.58405 -0.553097 -0.523173 -0.494283 -0.466405 -0.439497 -0.413512 -0.388394 -0.364091 -0.340556 -0.317748 -0.295637 -0.274206 -0.253447 -0.233366 -0.213981 -0.195318 -0.177414 -0.160308 -0.144046 -0.128669 -0.114217 -0.100722 -0.0882057 -0.076677 -0.066131 -0.0565476 -0.0478918 -0.0401139 -0.0331511 -0.0269287 -0.0213625 -0.0163606 -0.0118253 -0.00765544 -0.003748 
-0.212677 -0.412627 -0.581431 -0.69761 -0.757043 -0.796281 -0.840842 -0.888366 -0.931845 -0.966664 -0.990845 -1.0042 -1.00754 -1.00218 -0.989527 -0.970918 -0.947561 -0.920498 -0.89062 -0.858685 -0.825323 -0.791135 -0.756573 -0.722026 -0.687813 -0.654185 -0.621335 -0.589396 -0.558451 -0.528541 -0.499672 -0.471827 -0.444968 -0.419049 -0.394019 -0.369827 -0.346424 -0.323771 -0.301836 -0.280597 -0.260044 -0.240176 -0.221004 -0.202545 -0.184827 -0.167879 -0.151736 -0.13643 -0.121991 -0.108442 -0.0957994 -0.0840665 -0.0732365 -0.0632892 -0.0541918 -0.0458988 -0.0383536 -0.0314892 -0.0252303 -0.0194946 -0.0141949 -0.00924069 -0.00453979 
-0.213574 -0.41485 -0.585614 -0.70379 -0.763879 -0.802715 -0.847046 -0.894599 -0.938197 -0.973108 -0.997306 -1.0106 -1.01383 -1.00832 -0.995503 -0.976739 -0.953243 -0.926063 -0.896091 -0.864086 -0.83069 -0.796469 -0.761887 -0.72733 -0.693113 -0.659483 -0.626632 -0.594693 -0.56375 -0.533847 -0.504992 -0.477171 -0.45035 -0.424485 -0.399526 -0.375424 -0.352131 -0.329608 -0.307819 -0.286741 -0.266359 -0.246668 -0.22767 -0.209378 -0.191808 -0.174983 -0.158927 -0.143665 -0.129217 -0.1156 -0.102824 -0.0908889 -0.0797857 -0.0694943 -0.0599835 -0.051212 -0.0431282 -0.0356721 -0.0287761 -0.0223668 -0.016366 -0.0106929 -0.00526507 
-0.214461 -0.417067 -0.589824 -0.71007 -0.770869 -0.80929 -0.853376 -0.900954 -0.944671 -0.979673 -1.00389 -1.01712 -1.02023 -1.01456 -1.00157 -0.982638 -0.958992 -0.931682 -0.901606 -0.869524 -0.836075 -0.801814 -0.767203 -0.732625 -0.698394 -0.664755 -0.631896 -0.59995 -0.569003 -0.5391 -0.510252 -0.482446 -0.455651 -0.429826 -0.404922 -0.380892 -0.357688 -0.335269 -0.313599 -0.292653 -0.27241 -0.252861 -0.234003 -0.215842 -0.198387 -0.181652 -0.165655 -0.150411 -0.135935 -0.122238 -0.109323 -0.0971879 -0.0858219 -0.0752047 -0.065307 -0.0560905 -0.0475087 -0.0395072 -0.0320255 -0.0249978 -0.0183543 -0.0120226 -0.00592907 
-0.215338 -0.419273 -0.594055 -0.716432 -0.778021 -0.816018 -0.859845 -0.907441 -0.951276 -0.986369 -1.0106 -1.02376 -1.02673 -1.0209 -1.00773 -0.988622 -0.964815 -0.937367 -0.907177 -0.875005 -0.841489 -0.807176 -0.772525 -0.737919 -0.703665 -0.670009 -0.637135 -0.605176 -0.574218 -0.544308 -0.515458 -0.487658 -0.460878 -0.43508 -0.410217 -0.386241 -0.363105 -0.340768 -0.319192 -0.298348 -0.278215 -0.258777 -0.240027 -0.221965 -0.204593 -0.18792 -0.171956 -0.156708 -0.142187 -0.128398 -0.11534 -0.103007 -0.0913882 -0.0804623 -0.0702019 -0.0605714 -0.0515284 -0.0430239 -0.0350034 -0.027408 -0.020175 -0.01324 -0.00653693 
-0.216205 -0.421472 -0.598312 -0.722777 -0.785377 -0.822928 -0.866471 -0.914075 -0.958024 -0.993205 -1.01744 -1.03052 -1.03336 -1.02735 -1.01399 -0.994699 -0.970721 -0.943124 -0.91281 -0.880538 -0.846942 -0.812563 -0.777864 -0.74322 -0.708938 -0.675256 -0.64236 -0.610381 -0.579405 -0.549479 -0.52062 -0.492816 -0.466042 -0.440258 -0.415421 -0.391482 -0.368395 -0.346118 -0.324612 -0.303846 -0.283794 -0.264439 -0.245768 -0.227776 -0.21046 -0.193822 -0.177866 -0.162596 -0.148015 -0.134123 -0.120917 -0.10839 -0.0965271 -0.0853082 -0.074707 -0.0646905 -0.05522 -0.046251 -0.0377344 -0.0296171 -0.0218434 -0.0143552 -0.00709367 
-0.217065 -0.423671 -0.602612 -0.728944 -0.79302 -0.830061 -0.873278 -0.920871 -0.964926 -1.00019 -1.02443 -1.03743 -1.04012 -1.03392 -1.02036 -1.00088 -0.976717 -0.948961 -0.918513 -0.886132 -0.852445 -0.817984 -0.783227 -0.748539 -0.71422 -0.680505 -0.647579 -0.615572 -0.584571 -0.554624 -0.525746 -0.49793 -0.47115 -0.445369 -0.420544 -0.396626 -0.373571 -0.351334 -0.329876 -0.309163 -0.289169 -0.26987 -0.251252 -0.233303 -0.216017 -0.199391 -0.183423 -0.168112 -0.153457 -0.139454 -0.126098 -0.113378 -0.10128 -0.0897817 -0.0788596 -0.0684826 -0.0586148 -0.049216 -0.0402418 -0.0316444 -0.0233737 -0.0153778 -0.00760413 
-0.217921 -0.425874 -0.606875 -0.734998 -0.800943 -0.837421 -0.880272 -0.927835 -0.971987 -1.00733 -1.03156 -1.04448 -1.04702 -1.04062 -1.02685 -1.00716 -0.982809 -0.954884 -0.924292 -0.891791 -0.858006 -0.823448 -0.788625 -0.753885 -0.71952 -0.685765 -0.652802 -0.62076 -0.589727 -0.55975 -0.530846 -0.503008 -0.476213 -0.450423 -0.425597 -0.401686 -0.378645 -0.35643 -0.334999 -0.314319 -0.294358 -0.275093 -0.256503 -0.238574 -0.221295 -0.204659 -0.18866 -0.173293 -0.158553 -0.144432 -0.130922 -0.118012 -0.105684 -0.0939205 -0.0826954 -0.0719804 -0.0617427 -0.0519452 -0.042548 -0.0335078 -0.0247797 -0.0163171 -0.00807289 
-0.218771 -0.428082 -0.611054 -0.741014 -0.809134 -0.845002 -0.887455 -0.93497 -0.979214 -1.01463 -1.03886 -1.05168 -1.05405 -1.04745 -1.03347 -1.01355 -0.989004 -0.9609 -0.930149 -0.897515 -0.863617 -0.828982 -0.794079 -0.759272 -0.72485 -0.691046 -0.658037 -0.625954 -0.594881 -0.564867 -0.535929 -0.508061 -0.48124 -0.455431 -0.43059 -0.406672 -0.38363 -0.36142 -0.339999 -0.319331 -0.299383 -0.280129 -0.261546 -0.243616 -0.226324 -0.20966 -0.193613 -0.178175 -0.163338 -0.149093 -0.135427 -0.122328 -0.109779 -0.0977598 -0.0862476 -0.075215 -0.0646315 -0.0544634 -0.044674 -0.0352245 -0.0260744 -0.0171817 -0.00850428 
-0.219612 -0.430284 -0.615169 -0.74703 -0.817583 -0.852796 -0.894821 -0.942276 -0.986609 -1.0221 -1.04631 -1.05903 -1.06123 -1.05443 -1.04021 -1.02007 -0.99531 -0.967018 -0.936104 -0.903326 -0.869306 -0.834577 -0.799589 -0.764706 -0.730218 -0.696356 -0.663294 -0.631161 -0.600042 -0.569983 -0.541003 -0.513097 -0.486241 -0.460402 -0.435536 -0.411598 -0.38854 -0.366319 -0.34489 -0.324216 -0.304263 -0.285001 -0.266405 -0.248454 -0.231131 -0.214422 -0.198312 -0.182792 -0.167849 -0.153472 -0.139648 -0.126362 -0.113597 -0.101333 -0.0895475 -0.0782152 -0.0673076 -0.0567934 -0.0466395 -0.0368105 -0.0272697 -0.0179797 -0.00890234 
-0.22044 -0.432472 -0.619245 -0.753069 -0.826286 -0.860799 -0.90237 -0.949756 -0.994176 -1.02973 -1.05394 -1.06655 -1.06857 -1.06154 -1.04709 -1.02671 -1.00173 -0.973245 -0.94216 -0.909227 -0.875079 -0.840242 -0.805159 -0.770192 -0.735632 -0.701703 -0.668582 -0.636392 -0.605219 -0.575108 -0.546079 -0.518126 -0.491227 -0.465347 -0.440445 -0.416474 -0.393388 -0.371141 -0.349689 -0.328993 -0.309016 -0.289729 -0.271103 -0.253114 -0.235743 -0.218973 -0.202788 -0.187173 -0.172116 -0.157602 -0.143617 -0.130146 -0.11717 -0.10467 -0.092624 -0.0810079 -0.069795 -0.0589568 -0.0484626 -0.0382804 -0.028377 -0.0187185 -0.00927083 
-0.221253 -0.434646 -0.623299 -0.759146 -0.835237 -0.869006 -0.910104 -0.957414 -1.00192 -1.03755 -1.06174 -1.07424 -1.07608 -1.06881 -1.05411 -1.03349 -1.00828 -0.979581 -0.948312 -0.915224 -0.880941 -0.845986 -0.810797 -0.775739 -0.741097 -0.707097 -0.673908 -0.641655 -0.610421 -0.580252 -0.551166 -0.523158 -0.496206 -0.470276 -0.445327 -0.421313 -0.398185 -0.375899 -0.35441 -0.333676 -0.313661 -0.294332 -0.27566 -0.257618 -0.240185 -0.223341 -0.207067 -0.191349 -0.176169 -0.161514 -0.147366 -0.13371 -0.120528 -0.1078 -0.0955038 -0.0836176 -0.0721163 -0.0609731 -0.0501601 -0.039648 -0.0294066 -0.0194052 -0.00961321 
-0.222051 -0.436804 -0.627346 -0.765263 -0.844419 -0.877421 -0.918037 -0.965268 -1.00987 -1.04557 -1.06973 -1.08211 -1.08375 -1.07625 -1.06128 -1.04041 -1.01495 -0.986041 -0.954581 -0.921329 -0.886903 -0.85182 -0.816511 -0.781353 -0.746624 -0.712544 -0.679282 -0.646959 -0.615657 -0.585422 -0.556272 -0.528202 -0.501189 -0.475201 -0.450195 -0.426125 -0.402945 -0.380608 -0.359067 -0.338283 -0.318215 -0.298831 -0.280097 -0.261988 -0.244479 -0.227549 -0.211177 -0.195345 -0.180037 -0.165235 -0.150923 -0.137083 -0.123698 -0.110748 -0.0982112 -0.0860671 -0.0742918 -0.0628605 -0.0517474 -0.0409256 -0.0303678 -0.0200461 -0.00993264 
-0.222835 -0.43895 -0.631398 -0.771421 -0.853742 -0.886081 -0.926213 -0.973351 -1.01803 -1.0538 -1.07793 -1.09018 -1.09162 -1.08386 -1.06862 -1.04747 -1.02177 -0.992632 -0.960975 -0.92755 -0.892972 -0.857755 -0.822306 -0.787044 -0.752223 -0.718055 -0.684713 -0.652313 -0.620937 -0.59063 -0.561408 -0.533268 -0.506186 -0.48013 -0.455058 -0.430924 -0.407681 -0.38528 -0.363677 -0.342828 -0.322695 -0.303241 -0.284434 -0.266245 -0.248648 -0.23162 -0.21514 -0.199187 -0.183743 -0.168791 -0.154312 -0.14029 -0.126705 -0.113538 -0.100769 -0.0883771 -0.0763403 -0.0646355 -0.0532385 -0.0421249 -0.0312694 -0.0206469 -0.010232 
-0.223607 -0.441093 -0.635488 -0.777708 -0.86275 -0.895239 -0.93474 -0.981716 -1.02645 -1.06226 -1.08635 -1.09846 -1.09967 -1.09165 -1.07612 -1.0547 -1.02873 -0.99936 -0.967497 -0.933888 -0.899145 -0.863779 -0.828215 -0.792834 -0.757907 -0.723642 -0.690211 -0.657728 -0.626271 -0.595884 -0.566584 -0.538366 -0.511208 -0.485076 -0.459929 -0.435721 -0.412403 -0.389928 -0.368251 -0.347327 -0.327116 -0.307581 -0.288688 -0.270408 -0.252712 -0.235577 -0.218979 -0.202897 -0.187312 -0.172206 -0.157559 -0.143353 -0.12957 -0.116191 -0.103197 -0.0905662 -0.0782789 -0.066313 -0.0546463 -0.0432561 -0.0321193 -0.0212129 -0.010514 
-0.224368 -0.443232 -0.639615 -0.784091 -0.871524 -0.90486 -0.943619 -0.990375 -1.03512 -1.07096 -1.095 -1.10695 -1.10793 -1.09963 -1.08381 -1.06209 -1.03585 -1.00623 -0.97416 -0.940357 -0.905438 -0.869918 -0.834226 -0.798723 -0.763682 -0.729315 -0.695788 -0.663214 -0.631669 -0.601195 -0.57181 -0.543507 -0.516265 -0.490049 -0.464818 -0.440526 -0.417125 -0.394566 -0.372804 -0.351793 -0.331493 -0.311866 -0.292877 -0.274495 -0.25669 -0.239438 -0.222714 -0.206497 -0.190766 -0.175501 -0.160683 -0.146294 -0.132316 -0.118728 -0.105514 -0.0926518 -0.0801229 -0.0679067 -0.0559823 -0.0443286 -0.0329246 -0.021749 -0.010781 
-0.225114 -0.445361 -0.643771 -0.790556 -0.880196 -0.914902 -0.952823 -0.999317 -1.04407 -1.07992 -1.10388 -1.11566 -1.1164 -1.10781 -1.09168 -1.06965 -1.04313 -1.01326 -0.980974 -0.946968 -0.911864 -0.876181 -0.840348 -0.804714 -0.769555 -0.73508 -0.70145 -0.668779 -0.637139 -0.606573 -0.577096 -0.548701 -0.521367 -0.49506 -0.469737 -0.445353 -0.421859 -0.399206 -0.377349 -0.356242 -0.335843 -0.316113 -0.297017 -0.278523 -0.2606 -0.243223 -0.226366 -0.210006 -0.194123 -0.178696 -0.163705 -0.149133 -0.134959 -0.121167 -0.107736 -0.0946493 -0.0818865 -0.0694289 -0.057257 -0.0453511 -0.0336918 -0.0222595 -0.0110352 
-0.225845 -0.447478 -0.647953 -0.797101 -0.888869 -0.925345 -0.962324 -1.00853 -1.05326 -1.08912 -1.113 -1.1246 -1.12508 -1.11619 -1.09974 -1.0774 -1.05058 -1.02044 -0.987951 -0.953725 -0.918426 -0.882574 -0.84659 -0.810817 -0.775533 -0.740945 -0.707208 -0.674434 -0.642694 -0.612029 -0.582453 -0.553959 -0.526526 -0.500119 -0.474696 -0.450211 -0.426616 -0.403861 -0.381899 -0.360686 -0.340178 -0.320336 -0.301124 -0.282508 -0.264459 -0.246948 -0.229951 -0.213443 -0.197403 -0.181809 -0.166644 -0.151886 -0.137519 -0.123523 -0.10988 -0.0965728 -0.0835825 -0.070891 -0.05848 -0.0463313 -0.0344268 -0.0227483 -0.0112785 
-0.226559 -0.449578 -0.652159 -0.803732 -0.89761 -0.936187 -0.972103 -1.01799 -1.06271 -1.09856 -1.12236 -1.13377 -1.13399 -1.12479 -1.10802 -1.08535 -1.05823 -1.0278 -0.995059 -0.960612 -0.925121 -0.889101 -0.852963 -0.817038 -0.781625 -0.74692 -0.713072 -0.680189 -0.648343 -0.617572 -0.587891 -0.559292 -0.531752 -0.505239 -0.479708 -0.455114 -0.431409 -0.408542 -0.386468 -0.365139 -0.344512 -0.324549 -0.305211 -0.286466 -0.268282 -0.25063 -0.233485 -0.216823 -0.200621 -0.184858 -0.169514 -0.154571 -0.140009 -0.125811 -0.111959 -0.0984351 -0.0852222 -0.0723029 -0.05966 -0.0472762 -0.0351348 -0.023219 -0.0115127 
-0.227254 -0.451661 -0.656389 -0.810457 -0.906466 -0.947438 -0.982148 -1.0277 -1.0724 -1.10825 -1.13196 -1.14318 -1.14312 -1.1336 -1.1165 -1.09351 -1.06607 -1.03536 -1.00232 -0.96765 -0.931967 -0.895776 -0.859481 -0.823393 -0.787847 -0.753019 -0.719054 -0.686058 -0.654098 -0.623215 -0.593422 -0.56471 -0.537058 -0.51043 -0.484784 -0.460073 -0.436249 -0.413263 -0.391066 -0.369613 -0.34886 -0.328766 -0.309295 -0.290411 -0.272084 -0.254284 -0.236985 -0.220163 -0.203794 -0.187857 -0.172333 -0.157201 -0.142445 -0.128045 -0.113985 -0.100248 -0.0868163 -0.0736739 -0.0608046 -0.0481921 -0.0358206 -0.0236747 -0.0117394 
-0.22793 -0.453724 -0.660642 -0.817279 -0.915466 -0.959114 -0.992454 -1.03766 -1.08233 -1.11819 -1.1418 -1.15283 -1.1525 -1.14265 -1.1252 -1.10188 -1.07412 -1.04311 -1.00978 -0.974871 -0.938981 -0.902604 -0.866142 -0.829919 -0.794229 -0.759266 -0.725173 -0.692052 -0.659973 -0.62897 -0.599058 -0.570227 -0.542454 -0.515704 -0.489935 -0.4651 -0.44115 -0.418035 -0.395708 -0.374122 -0.353233 -0.333001 -0.313387 -0.294357 -0.275879 -0.257924 -0.240465 -0.223476 -0.206935 -0.190821 -0.175112 -0.159791 -0.144839 -0.130237 -0.115971 -0.102021 -0.088374 -0.0750123 -0.0619209 -0.0490846 -0.0364886 -0.0241184 -0.01196 
-0.228585 -0.455766 -0.664918 -0.824202 -0.924625 -0.971236 -1.00302 -1.04787 -1.09252 -1.12838 -1.15191 -1.16274 -1.16212 -1.15193 -1.13414 -1.11046 -1.08238 -1.05106 -1.01745 -0.982295 -0.946187 -0.909617 -0.872983 -0.836611 -0.800773 -0.765668 -0.731437 -0.698185 -0.665978 -0.634849 -0.604811 -0.575853 -0.547952 -0.521074 -0.495174 -0.470207 -0.446122 -0.422871 -0.400405 -0.378678 -0.357645 -0.337266 -0.317501 -0.298318 -0.279682 -0.261564 -0.243937 -0.226776 -0.210059 -0.193762 -0.177866 -0.162352 -0.147202 -0.132399 -0.117925 -0.103765 -0.0899039 -0.0763254 -0.0630152 -0.0499589 -0.0371426 -0.0245526 -0.0121759 
-0.229219 -0.457785 -0.669214 -0.831228 -0.933951 -0.983825 -1.01384 -1.05835 -1.10299 -1.13885 -1.16229 -1.17292 -1.172 -1.16148 -1.14332 -1.11929 -1.09086 -1.05923 -1.02534 -0.989935 -0.953604 -0.916834 -0.880019 -0.843482 -0.807485 -0.77223 -0.737857 -0.704467 -0.672125 -0.640864 -0.610692 -0.581601 -0.553566 -0.526551 -0.500513 -0.475405 -0.451179 -0.427783 -0.40517 -0.383293 -0.362108 -0.341573 -0.32165 -0.302305 -0.283503 -0.265216 -0.247415 -0.230077 -0.213176 -0.196693 -0.180606 -0.164896 -0.149547 -0.134539 -0.119859 -0.105488 -0.0914137 -0.07762 -0.0640932 -0.0508196 -0.037786 -0.0249796 -0.0123882 
-0.229832 -0.459778 -0.673528 -0.838355 -0.94344 -0.996888 -1.02493 -1.06912 -1.11375 -1.14964 -1.17299 -1.18339 -1.18217 -1.17129 -1.15276 -1.12837 -1.0996 -1.06764 -1.03347 -0.997807 -0.961245 -0.924268 -0.887265 -0.850551 -0.814378 -0.778964 -0.744443 -0.71091 -0.678428 -0.647027 -0.616716 -0.587484 -0.559307 -0.532148 -0.505965 -0.480709 -0.456332 -0.432783 -0.410015 -0.38798 -0.366634 -0.345936 -0.325846 -0.30633 -0.287355 -0.268891 -0.250911 -0.233388 -0.2163 -0.199624 -0.183342 -0.167434 -0.151881 -0.136668 -0.121779 -0.107198 -0.0929103 -0.0789022 -0.0651601 -0.0516709 -0.0384221 -0.0254016 -0.0125979 
-0.230422 -0.461746 -0.677859 -0.845585 -0.953081 -1.01036 -1.03633 -1.08026 -1.12489 -1.16077 -1.18402 -1.1942 -1.19266 -1.18141 -1.16249 -1.13772 -1.1086 -1.07632 -1.04186 -1.00593 -0.969125 -0.931931 -0.894732 -0.857834 -0.821463 -0.785887 -0.751211 -0.717529 -0.684899 -0.653352 -0.622895 -0.593516 -0.565189 -0.537879 -0.511541 -0.48613 -0.461594 -0.437884 -0.414952 -0.392751 -0.371235 -0.350365 -0.3301 -0.310407 -0.291251 -0.272602 -0.254434 -0.236721 -0.219439 -0.202567 -0.186084 -0.169973 -0.154215 -0.138794 -0.123694 -0.108901 -0.0943999 -0.0801773 -0.0662203 -0.0525164 -0.0390535 -0.0258204 -0.012806 
-0.230991 -0.463691 -0.682214 -0.852943 -0.962941 -1.02373 -1.04835 -1.09193 -1.13649 -1.17233 -1.19545 -1.20537 -1.20349 -1.19184 -1.17252 -1.14737 -1.11789 -1.0853 -1.05052 -1.01431 -0.977252 -0.939827 -0.902416 -0.865322 -0.828782 -0.793029 -0.758182 -0.724341 -0.691556 -0.659855 -0.629244 -0.599709 -0.571226 -0.543756 -0.517257 -0.491681 -0.466978 -0.443098 -0.419994 -0.397617 -0.375923 -0.354872 -0.334424 -0.314544 -0.295199 -0.276359 -0.257997 -0.240086 -0.222604 -0.20553 -0.188842 -0.172524 -0.156556 -0.140924 -0.125611 -0.110604 -0.095888 -0.0814502 -0.0672779 -0.0533593 -0.0396828 -0.0262376 -0.0130133 
-0.23154 -0.465612 -0.686597 -0.860441 -0.973052 -1.03673 -1.06119 -1.10425 -1.14862 -1.18436 -1.2073 -1.21693 -1.21467 -1.20261 -1.18287 -1.15731 -1.12747 -1.09454 -1.05945 -1.02295 -0.985636 -0.947973 -0.910343 -0.873048 -0.83633 -0.800394 -0.765373 -0.731362 -0.698413 -0.66655 -0.635777 -0.60608 -0.577431 -0.549794 -0.523124 -0.497375 -0.472496 -0.448438 -0.425151 -0.40259 -0.38071 -0.359469 -0.338829 -0.318754 -0.299212 -0.280172 -0.261607 -0.243492 -0.225804 -0.208521 -0.191623 -0.175093 -0.158912 -0.143065 -0.127536 -0.112312 -0.0973796 -0.082725 -0.0683365 -0.0542026 -0.0403121 -0.0266547 -0.0132205 
-0.232067 -0.467508 -0.691001 -0.868069 -0.983378 -1.04954 -1.07479 -1.1172 -1.16129 -1.19688 -1.21959 -1.2289 -1.22624 -1.21374 -1.19355 -1.16757 -1.13734 -1.10407 -1.06867 -1.03188 -0.994295 -0.956389 -0.918535 -0.881034 -0.844123 -0.807994 -0.772792 -0.738606 -0.705486 -0.673454 -0.642511 -0.612642 -0.58382 -0.556006 -0.529158 -0.503226 -0.478162 -0.453916 -0.430438 -0.407683 -0.385606 -0.364166 -0.343324 -0.323046 -0.303297 -0.28405 -0.265275 -0.246948 -0.229047 -0.211549 -0.194435 -0.177687 -0.161288 -0.145222 -0.129474 -0.114031 -0.0988789 -0.0840056 -0.0693993 -0.0550487 -0.0409433 -0.0270729 -0.0134282 
-0.232571 -0.469373 -0.695417 -0.875816 -0.993911 -1.06238 -1.0891 -1.13073 -1.17448 -1.20986 -1.23232 -1.24129 -1.2382 -1.22523 -1.20458 -1.17815 -1.14753 -1.11392 -1.0782 -1.04111 -1.00325 -0.965093 -0.927012 -0.8893 -0.852187 -0.815848 -0.780457 -0.746091 -0.712793 -0.680582 -0.649461 -0.619412 -0.590408 -0.562409 -0.535372 -0.509248 -0.483989 -0.459544 -0.435866 -0.412906 -0.390623 -0.368974 -0.347921 -0.327429 -0.307465 -0.288001 -0.269008 -0.250462 -0.232339 -0.21462 -0.197284 -0.180313 -0.163691 -0.147401 -0.13143 -0.115764 -0.10039 -0.0852951 -0.0704687 -0.0558998 -0.0415779 -0.0274933 -0.0136369 
-0.23305 -0.471202 -0.699837 -0.883679 -1.00466 -1.07537 -1.10412 -1.1448 -1.18815 -1.22332 -1.2455 -1.25409 -1.25056 -1.23711 -1.21597 -1.18909 -1.15805 -1.12412 -1.08806 -1.05066 -1.01251 -0.9741 -0.935787 -0.89786 -0.860541 -0.823982 -0.7884 -0.753841 -0.720353 -0.687956 -0.656646 -0.626408 -0.597211 -0.569017 -0.541781 -0.515455 -0.48999 -0.465336 -0.441446 -0.418272 -0.395771 -0.373902 -0.352628 -0.331913 -0.311724 -0.292034 -0.272814 -0.25404 -0.235688 -0.21774 -0.200175 -0.182975 -0.166124 -0.149607 -0.133408 -0.117515 -0.101915 -0.0865962 -0.0715473 -0.0567577 -0.0422174 -0.0279169 -0.0138472 
-0.233502 -0.472993 -0.704256 -0.891656 -1.01565 -1.08862 -1.11988 -1.15939 -1.2023 -1.23723 -1.25913 -1.26733 -1.26334 -1.2494 -1.22776 -1.20039 -1.16891 -1.13469 -1.09826 -1.06053 -1.0221 -0.983423 -0.94487 -0.906718 -0.869183 -0.832436 -0.796643 -0.761877 -0.728188 -0.695592 -0.664085 -0.633646 -0.604246 -0.575846 -0.5484 -0.521861 -0.496179 -0.471305 -0.447191 -0.42379 -0.401061 -0.378961 -0.357454 -0.336505 -0.316082 -0.296155 -0.276698 -0.257687 -0.239099 -0.220914 -0.203112 -0.185677 -0.168592 -0.151841 -0.13541 -0.119286 -0.103457 -0.0879112 -0.072637 -0.0576243 -0.0428632 -0.0283444 -0.0140594 
-0.233927 -0.474742 -0.708668 -0.899748 -1.02689 -1.10219 -1.13643 -1.17448 -1.21692 -1.25161 -1.27321 -1.28102 -1.27655 -1.26211 -1.23998 -1.21215 -1.18024 -1.14551 -1.10875 -1.07072 -1.03202 -0.993089 -0.954297 -0.915918 -0.878167 -0.841215 -0.805202 -0.770215 -0.736316 -0.703512 -0.671796 -0.641147 -0.611532 -0.582914 -0.555246 -0.528481 -0.502569 -0.477462 -0.453112 -0.429473 -0.406502 -0.38416 -0.362408 -0.341213 -0.320544 -0.30037 -0.280667 -0.26141 -0.242576 -0.224146 -0.2061 -0.188422 -0.171096 -0.154106 -0.137438 -0.121079 -0.105018 -0.0892418 -0.0737395 -0.058501 -0.0435164 -0.028777 -0.0142741 
-0.234324 -0.476444 -0.713069 -0.907955 -1.03839 -1.1161 -1.15381 -1.19006 -1.23201 -1.26647 -1.28778 -1.29518 -1.29023 -1.27527 -1.25263 -1.22432 -1.19195 -1.15677 -1.11965 -1.08131 -1.04232 -1.00314 -0.964105 -0.925496 -0.887523 -0.850349 -0.814094 -0.778884 -0.744765 -0.711741 -0.679803 -0.648929 -0.619088 -0.590238 -0.562335 -0.53533 -0.509175 -0.483822 -0.459222 -0.43533 -0.412105 -0.389506 -0.367497 -0.346044 -0.325116 -0.304684 -0.284723 -0.265211 -0.246122 -0.227439 -0.209142 -0.191212 -0.173634 -0.156399 -0.13949 -0.122892 -0.106594 -0.0905833 -0.0748495 -0.0593824 -0.0441726 -0.0292111 -0.0144896 
-0.234694 -0.478087 -0.717453 -0.916274 -1.05016 -1.13038 -1.17211 -1.20612 -1.24761 -1.28185 -1.30286 -1.30984 -1.3044 -1.28891 -1.26576 -1.23695 -1.20412 -1.1685 -1.13101 -1.09234 -1.05307 -1.01361 -0.974328 -0.935482 -0.897281 -0.859878 -0.823362 -0.787924 -0.753566 -0.720305 -0.68813 -0.657018 -0.626934 -0.597838 -0.569684 -0.542425 -0.516012 -0.490396 -0.465531 -0.441372 -0.417877 -0.395007 -0.372726 -0.351003 -0.329803 -0.309102 -0.288869 -0.269085 -0.249733 -0.230788 -0.212231 -0.194047 -0.17622 -0.158734 -0.141576 -0.124733 -0.108193 -0.0919435 -0.0759745 -0.0602757 -0.0448376 -0.0296511 -0.0147078 
-0.235039 -0.479658 -0.721818 -0.924705 -1.0622 -1.14502 -1.19134 -1.22269 -1.26379 -1.29783 -1.31853 -1.32508 -1.31911 -1.30308 -1.27939 -1.25009 -1.21678 -1.18075 -1.14288 -1.10387 -1.06428 -1.02455 -0.984998 -0.945899 -0.907451 -0.869803 -0.833069 -0.797374 -0.762751 -0.729234 -0.696804 -0.665436 -0.635093 -0.605734 -0.577313 -0.549782 -0.523093 -0.497198 -0.47205 -0.447607 -0.423827 -0.400671 -0.378102 -0.356086 -0.334602 -0.313618 -0.293109 -0.273051 -0.253424 -0.234207 -0.215383 -0.196936 -0.178848 -0.161106 -0.143694 -0.126601 -0.109814 -0.0933225 -0.0771148 -0.0611809 -0.0455112 -0.0300967 -0.0149289 
-0.235358 -0.481159 -0.726159 -0.933249 -1.07454 -1.16001 -1.21138 -1.23985 -1.28071 -1.31455 -1.33491 -1.34097 -1.33444 -1.31783 -1.29359 -1.26379 -1.23004 -1.19358 -1.1553 -1.11593 -1.07602 -1.03598 -0.996153 -0.95679 -0.918088 -0.880192 -0.843214 -0.807248 -0.772356 -0.738561 -0.705856 -0.674212 -0.64359 -0.613948 -0.58524 -0.557418 -0.530433 -0.504241 -0.478792 -0.454045 -0.429956 -0.406495 -0.383624 -0.361313 -0.33953 -0.31825 -0.297449 -0.277103 -0.257192 -0.237695 -0.218595 -0.199875 -0.18152 -0.163514 -0.145843 -0.128496 -0.111458 -0.09472 -0.0782698 -0.0620974 -0.0461931 -0.0305477 -0.0151527 
-0.235654 -0.482597 -0.730475 -0.941918 -1.08722 -1.17553 -1.23101 -1.25844 -1.29879 -1.33222 -1.35211 -1.3576 -1.35045 -1.33321 -1.30839 -1.27807 -1.24389 -1.20698 -1.16829 -1.12855 -1.08829 -1.04794 -1.00783 -0.968192 -0.929227 -0.891074 -0.853838 -0.817575 -0.782414 -0.748323 -0.715321 -0.683378 -0.652454 -0.622506 -0.59349 -0.565354 -0.538053 -0.511535 -0.485762 -0.46069 -0.436281 -0.412497 -0.389307 -0.366679 -0.344584 -0.322995 -0.301889 -0.281244 -0.261037 -0.24125 -0.221865 -0.202865 -0.184235 -0.165959 -0.148024 -0.130416 -0.113124 -0.096135 -0.0794388 -0.0630247 -0.0468827 -0.0310037 -0.0153788 
-0.235926 -0.483974 -0.734758 -0.950708 -1.10025 -1.19154 -1.25039 -1.27847 -1.3181 -1.35095 -1.37023 -1.37505 -1.36719 -1.34926 -1.3238 -1.29294 -1.25831 -1.22097 -1.18187 -1.14174 -1.10114 -1.06047 -1.02006 -0.980135 -0.940892 -0.902464 -0.864946 -0.828394 -0.79294 -0.758566 -0.725246 -0.692974 -0.661721 -0.631441 -0.602083 -0.573605 -0.545955 -0.519091 -0.49297 -0.467551 -0.442799 -0.418675 -0.395148 -0.372187 -0.349764 -0.327852 -0.306429 -0.285471 -0.264958 -0.244871 -0.225192 -0.205904 -0.186992 -0.168439 -0.150234 -0.132361 -0.114809 -0.0975663 -0.0806206 -0.0639617 -0.0475794 -0.0314643 -0.0156072 
-0.236175 -0.48529 -0.738997 -0.959605 -1.11361 -1.20801 -1.26988 -1.29989 -1.33862 -1.37072 -1.38928 -1.39334 -1.38471 -1.36604 -1.33989 -1.30845 -1.27342 -1.23562 -1.19608 -1.15556 -1.1146 -1.0736 -1.03288 -0.992655 -0.953116 -0.91439 -0.876571 -0.839727 -0.80394 -0.769239 -0.7356 -0.702993 -0.671385 -0.640738 -0.611011 -0.582158 -0.554137 -0.526902 -0.500413 -0.474628 -0.449512 -0.425029 -0.401147 -0.377836 -0.355069 -0.33282 -0.311065 -0.289783 -0.268953 -0.248556 -0.228573 -0.208989 -0.189787 -0.170953 -0.152471 -0.134329 -0.116513 -0.0990122 -0.0818139 -0.0649074 -0.0482823 -0.0319288 -0.0158376 
-0.236403 -0.486542 -0.743178 -0.968594 -1.12732 -1.22497 -1.28974 -1.32274 -1.36028 -1.39153 -1.40928 -1.41251 -1.40305 -1.3836 -1.35674 -1.32466 -1.2892 -1.25091 -1.21093 -1.17002 -1.12871 -1.08738 -1.04633 -1.0058 -0.965949 -0.926908 -0.888768 -0.851596 -0.815428 -0.780364 -0.746364 -0.71339 -0.681406 -0.650377 -0.620262 -0.591018 -0.562604 -0.534976 -0.508096 -0.481923 -0.456422 -0.43156 -0.407304 -0.383625 -0.360498 -0.337895 -0.315795 -0.294176 -0.273017 -0.252299 -0.232004 -0.212116 -0.192618 -0.173495 -0.154732 -0.136316 -0.118233 -0.10047 -0.0830167 -0.0658603 -0.0489903 -0.0323966 -0.0160695 
-0.236611 -0.48773 -0.747289 -0.977664 -1.14136 -1.24245 -1.31016 -1.34711 -1.38307 -1.41337 -1.43026 -1.43259 -1.42226 -1.40201 -1.37445 -1.34174 -1.30557 -1.26683 -1.22647 -1.1852 -1.14353 -1.10187 -1.06049 -1.01963 -0.979443 -0.940061 -0.901572 -0.864033 -0.827463 -0.791998 -0.757595 -0.724218 -0.691829 -0.660389 -0.629859 -0.600198 -0.571365 -0.54332 -0.516023 -0.489438 -0.463529 -0.438265 -0.413615 -0.389549 -0.366044 -0.343072 -0.320613 -0.298644 -0.277144 -0.256096 -0.23548 -0.21528 -0.195479 -0.176062 -0.157013 -0.138319 -0.119965 -0.101938 -0.0842268 -0.0668185 -0.049702 -0.0328667 -0.0163026 
-0.236799 -0.488851 -0.75132 -0.986802 -1.15574 -1.26049 -1.33123 -1.37312 -1.40696 -1.4363 -1.45229 -1.45368 -1.44242 -1.42133 -1.39303 -1.35966 -1.32284 -1.28362 -1.24284 -1.20119 -1.15917 -1.11715 -1.07542 -1.0342 -0.993658 -0.953903 -0.915025 -0.877082 -0.840115 -0.804194 -0.769341 -0.735518 -0.702685 -0.670799 -0.639822 -0.609711 -0.580429 -0.551936 -0.524196 -0.497171 -0.47083 -0.445141 -0.420074 -0.395603 -0.371701 -0.348344 -0.325511 -0.303179 -0.281328 -0.259939 -0.238994 -0.218475 -0.198365 -0.178648 -0.159309 -0.140333 -0.121705 -0.103412 -0.0854414 -0.0677798 -0.0504158 -0.0333381 -0.0165362 
-0.236973 -0.489907 -0.755259 -0.995999 -1.17049 -1.27912 -1.35298 -1.40078 -1.43204 -1.46049 -1.47553 -1.47589 -1.46363 -1.44165 -1.41259 -1.37854 -1.34115 -1.30141 -1.26018 -1.21812 -1.1757 -1.13331 -1.09121 -1.0496 -1.00867 -0.968503 -0.929204 -0.890829 -0.853415 -0.816976 -0.781634 -0.747324 -0.714004 -0.681631 -0.650166 -0.61957 -0.589803 -0.56083 -0.532613 -0.50512 -0.478319 -0.45218 -0.426675 -0.401776 -0.377459 -0.353701 -0.330479 -0.307771 -0.285558 -0.263819 -0.242537 -0.221692 -0.201267 -0.181247 -0.161614 -0.142353 -0.123449 -0.104889 -0.0866571 -0.0687416 -0.0511297 -0.0338095 -0.0167698 
-0.237134 -0.490899 -0.759097 -1.00525 -1.18561 -1.29843 -1.37557 -1.42921 -1.45896 -1.48639 -1.50028 -1.49943 -1.48604 -1.46309 -1.43328 -1.39867 -1.36063 -1.32033 -1.2786 -1.23608 -1.19325 -1.15044 -1.10793 -1.06591 -1.02454 -0.983931 -0.944166 -0.905306 -0.867387 -0.83042 -0.794527 -0.759672 -0.725811 -0.692903 -0.660905 -0.62978 -0.599489 -0.569998 -0.541271 -0.513278 -0.485988 -0.459372 -0.433404 -0.408057 -0.383306 -0.35913 -0.335504 -0.312409 -0.289823 -0.267725 -0.246098 -0.224921 -0.204178 -0.183849 -0.16392 -0.144373 -0.125192 -0.106363 -0.0878701 -0.0697008 -0.0518414 -0.0342793 -0.0170026 
-0.237287 -0.491829 -0.762824 -1.01453 -1.20113 -1.31848 -1.39913 -1.45754 -1.48848 -1.51442 -1.52682 -1.5245 -1.50979 -1.48574 -1.45508 -1.41988 -1.38126 -1.3404 -1.29816 -1.25518 -1.2119 -1.16865 -1.1257 -1.08322 -1.04137 -1.00026 -0.959973 -0.920572 -0.882095 -0.844568 -0.80805 -0.772584 -0.738126 -0.704627 -0.672046 -0.640344 -0.609485 -0.579434 -0.550161 -0.521633 -0.493823 -0.466702 -0.440246 -0.414428 -0.389225 -0.364614 -0.340572 -0.317076 -0.294107 -0.271643 -0.249664 -0.228151 -0.207085 -0.186446 -0.166219 -0.146384 -0.126926 -0.107828 -0.0890758 -0.0706538 -0.0525482 -0.0347457 -0.0172336 
-0.237438 -0.492699 -0.766426 -1.02383 -1.21705 -1.33928 -1.42362 -1.48618 -1.52066 -1.54469 -1.55531 -1.5513 -1.53506 -1.50975 -1.47812 -1.44242 -1.40316 -1.36172 -1.31898 -1.27552 -1.23177 -1.18805 -1.1446 -1.10161 -1.05923 -1.01756 -0.976695 -0.936694 -0.897604 -0.859449 -0.822213 -0.786079 -0.750962 -0.716812 -0.683591 -0.651259 -0.619782 -0.589127 -0.559265 -0.530166 -0.501802 -0.474149 -0.447179 -0.420869 -0.395195 -0.370133 -0.34566 -0.321754 -0.298393 -0.275556 -0.253221 -0.231367 -0.209976 -0.189026 -0.168499 -0.148378 -0.128643 -0.109279 -0.0902684 -0.071596 -0.0532469 -0.0352067 -0.0174619 
-0.237591 -0.493511 -0.769889 -1.03313 -1.23335 -1.36086 -1.4491 -1.51551 -1.55542 -1.57724 -1.58599 -1.58007 -1.56211 -1.53541 -1.50272 -1.46629 -1.4264 -1.38442 -1.34118 -1.29724 -1.253 -1.20876 -1.16477 -1.12121 -1.07822 -1.03592 -0.994394 -0.95371 -0.913915 -0.875039 -0.837104 -0.800199 -0.764334 -0.729459 -0.695531 -0.66251 -0.630361 -0.599054 -0.56856 -0.53885 -0.5099 -0.481683 -0.454174 -0.42735 -0.401186 -0.375658 -0.350743 -0.326418 -0.302658 -0.279442 -0.256748 -0.234552 -0.212834 -0.191574 -0.17075 -0.150343 -0.130335 -0.110707 -0.0914415 -0.0725224 -0.0539334 -0.0356595 -0.0176862 
-0.237752 -0.494269 -0.773199 -1.04239 -1.25004 -1.38327 -1.4757 -1.54597 -1.59157 -1.61285 -1.61936 -1.61122 -1.59127 -1.56305 -1.52921 -1.49168 -1.45119 -1.40871 -1.36498 -1.32053 -1.27576 -1.23095 -1.18634 -1.14213 -1.09844 -1.05542 -1.01314 -0.971676 -0.931092 -0.89142 -0.852689 -0.814914 -0.778226 -0.742553 -0.707848 -0.674073 -0.641195 -0.609183 -0.57801 -0.547649 -0.518076 -0.489266 -0.461193 -0.433834 -0.407164 -0.381157 -0.35579 -0.331037 -0.306874 -0.283276 -0.260221 -0.237683 -0.215641 -0.194072 -0.172954 -0.152266 -0.131988 -0.112101 -0.0925867 -0.0734262 -0.054603 -0.036101 -0.0179049 
-0.237928 -0.494979 -0.77634 -1.05158 -1.26711 -1.40658 -1.5036 -1.57791 -1.62804 -1.65207 -1.65598 -1.64528 -1.623 -1.593 -1.55786 -1.51931 -1.47809 -1.43501 -1.39071 -1.34567 -1.30027 -1.25479 -1.20946 -1.16448 -1.11999 -1.07612 -1.03298 -0.990631 -0.949149 -0.908576 -0.868938 -0.830241 -0.792632 -0.756069 -0.720507 -0.685908 -0.652237 -0.619464 -0.587564 -0.556511 -0.52628 -0.496847 -0.468187 -0.440274 -0.413082 -0.386586 -0.360758 -0.335573 -0.311004 -0.287025 -0.26361 -0.240734 -0.218371 -0.196498 -0.175092 -0.154129 -0.133589 -0.113451 -0.0936936 -0.0742994 -0.0552497 -0.0365273 -0.0181159 
-0.238127 -0.495646 -0.779299 -1.06068 -1.28457 -1.43084 -1.53291 -1.61152 -1.66566 -1.69274 -1.69684 -1.68304 -1.65802 -1.62599 -1.58952 -1.54976 -1.50759 -1.46373 -1.4187 -1.37293 -1.32677 -1.28048 -1.23429 -1.1884 -1.14296 -1.09811 -1.05396 -1.01059 -0.968086 -0.926489 -0.885836 -0.846153 -0.807503 -0.769954 -0.733452 -0.697952 -0.663422 -0.629831 -0.597154 -0.565366 -0.534443 -0.504359 -0.475089 -0.446605 -0.418881 -0.391887 -0.365596 -0.339978 -0.315005 -0.290647 -0.266878 -0.243669 -0.220993 -0.198825 -0.177139 -0.155911 -0.135118 -0.114738 -0.0947495 -0.0751318 -0.0558658 -0.0369333 -0.0183169 
-0.238357 -0.49628 -0.78206 -1.06964 -1.30239 -1.4561 -1.56378 -1.64707 -1.70512 -1.735 -1.73977 -1.72527 -1.69766 -1.66281 -1.62463 -1.58344 -1.54011 -1.49525 -1.4493 -1.40262 -1.35551 -1.30822 -1.26099 -1.214 -1.16743 -1.12142 -1.0761 -1.03156 -0.987884 -0.945131 -0.903347 -0.862558 -0.822751 -0.784126 -0.746596 -0.710117 -0.674657 -0.640188 -0.606684 -0.57412 -0.542472 -0.511712 -0.481814 -0.452748 -0.424484 -0.396991 -0.370236 -0.344189 -0.318817 -0.29409 -0.269975 -0.246444 -0.223467 -0.201016 -0.179064 -0.157584 -0.136552 -0.115944 -0.0957375 -0.0759101 -0.0564416 -0.0373126 -0.0185046 
-0.238627 -0.496889 -0.784606 -1.07841 -1.32055 -1.48242 -1.59633 -1.68479 -1.74688 -1.77946 -1.7852 -1.77045 -1.74186 -1.7048 -1.66421 -1.62102 -1.57616 -1.53001 -1.48288 -1.43503 -1.38673 -1.33821 -1.28969 -1.24138 -1.19346 -1.14608 -1.09939 -1.05349 -1.00847 -0.964405 -0.921337 -0.8793 -0.83832 -0.79849 -0.759824 -0.722278 -0.685815 -0.650407 -0.616026 -0.582649 -0.550247 -0.518792 -0.488254 -0.458599 -0.429794 -0.401804 -0.374594 -0.348128 -0.32237 -0.297286 -0.272842 -0.249005 -0.225744 -0.203028 -0.180827 -0.159114 -0.137861 -0.117043 -0.0966364 -0.0766175 -0.0569645 -0.0376569 -0.0186749 
-0.238948 -0.497484 -0.786922 -1.08693 -1.33901 -1.50983 -1.63072 -1.72496 -1.79141 -1.82677 -1.83372 -1.81903 -1.78982 -1.75176 -1.70903 -1.66316 -1.6163 -1.56849 -1.51983 -1.47049 -1.42068 -1.37062 -1.32052 -1.2706 -1.22106 -1.17207 -1.12377 -1.0763 -1.02974 -0.984186 -0.939683 -0.896275 -0.853988 -0.812835 -0.772946 -0.734254 -0.696719 -0.660314 -0.625013 -0.590789 -0.557611 -0.525449 -0.494265 -0.464024 -0.434686 -0.406212 -0.378561 -0.351693 -0.325569 -0.30015 -0.2754 -0.251281 -0.227759 -0.204802 -0.182377 -0.160454 -0.139005 -0.118002 -0.0974191 -0.0772324 -0.0574185 -0.0379555 -0.0188225 
-0.239328 -0.498078 -0.788989 -1.09514 -1.35771 -1.53838 -1.66711 -1.76789 -1.83918 -1.87758 -1.88597 -1.87159 -1.84198 -1.803 -1.75877 -1.71083 -1.66129 -1.61126 -1.56059 -1.50932 -1.45759 -1.40559 -1.35355 -1.30168 -1.25019 -1.19928 -1.14911 -1.09981 -1.0515 -1.00426 -0.958155 -0.913221 -0.869486 -0.826942 -0.785736 -0.745811 -0.707135 -0.66968 -0.633421 -0.598326 -0.564362 -0.53149 -0.499669 -0.468855 -0.439003 -0.410067 -0.382 -0.354759 -0.328299 -0.302576 -0.27755 -0.253181 -0.229431 -0.206265 -0.183648 -0.161548 -0.139935 -0.118778 -0.0980508 -0.0777275 -0.0577833 -0.038195 -0.0189409 
-0.239778 -0.498683 -0.790791 -1.10297 -1.37658 -1.56811 -1.70569 -1.81393 -1.89071 -1.93256 -1.94265 -1.92881 -1.89901 -1.85929 -1.81365 -1.76395 -1.71187 -1.65886 -1.60555 -1.55179 -1.49763 -1.44322 -1.38877 -1.33453 -1.28072 -1.22754 -1.17518 -1.12378 -1.07347 -1.02433 -0.976426 -0.929803 -0.884485 -0.840487 -0.797867 -0.756628 -0.716749 -0.678205 -0.640963 -0.60499 -0.570242 -0.536675 -0.504238 -0.472879 -0.442546 -0.413184 -0.384742 -0.357168 -0.330413 -0.304429 -0.27917 -0.254594 -0.230659 -0.207327 -0.184561 -0.162326 -0.140589 -0.119319 -0.0984884 -0.0780683 -0.0580332 -0.0383586 -0.0190215 
-0.240307 -0.499312 -0.792307 -1.11031 -1.39552 -1.59904 -1.74666 -1.86352 -1.94662 -1.99243 -2.00456 -1.99146 -1.96175 -1.92187 -1.87445 -1.82248 -1.76784 -1.71169 -1.65499 -1.59807 -1.54086 -1.48346 -1.42608 -1.36897 -1.31238 -1.25653 -1.20162 -1.14781 -1.09522 -1.04395 -0.994061 -0.945593 -0.898569 -0.852996 -0.808879 -0.766271 -0.725154 -0.685499 -0.647274 -0.610434 -0.574928 -0.540701 -0.50769 -0.475834 -0.445071 -0.415338 -0.386575 -0.358725 -0.331732 -0.305543 -0.280109 -0.255382 -0.231318 -0.207875 -0.185014 -0.162697 -0.140891 -0.119561 -0.0986781 -0.0782123 -0.0581366 -0.0384253 -0.019054 
-0.240921 -0.499977 -0.793517 -1.11706 -1.41442 -1.63117 -1.79025 -1.91715 -2.00761 -2.05806 -2.07257 -2.06027 -2.03037 -1.99028 -1.9411 -1.88663 -1.82899 -1.7695 -1.709 -1.64817 -1.58719 -1.52613 -1.4652 -1.40464 -1.34475 -1.28577 -1.22791 -1.17134 -1.11619 -1.06254 -1.01046 -0.959988 -0.911134 -0.863893 -0.818209 -0.774202 -0.731835 -0.691079 -0.651897 -0.614232 -0.578023 -0.543197 -0.509681 -0.4774 -0.44628 -0.416251 -0.387243 -0.359193 -0.332037 -0.305718 -0.280182 -0.255376 -0.231255 -0.207772 -0.184886 -0.162556 -0.140747 -0.119424 -0.0985546 -0.0781077 -0.058055 -0.0383695 -0.0190259 
-0.241624 -0.500682 -0.794388 -1.12309 -1.43308 -1.66449 -1.83668 -1.97537 -2.07452 -2.13048 -2.1479 -2.13667 -2.10654 -2.06532 -2.01412 -1.95678 -1.89562 -1.83214 -1.76734 -1.70189 -1.63634 -1.57084 -1.50561 -1.44095 -1.37717 -1.31454 -1.25329 -1.19358 -1.13555 -1.07928 -1.02482 -0.972184 -0.921383 -0.872392 -0.82518 -0.779762 -0.736159 -0.694347 -0.654273 -0.615867 -0.579044 -0.543717 -0.509795 -0.477191 -0.445817 -0.415593 -0.38644 -0.358288 -0.331066 -0.304713 -0.279168 -0.254377 -0.230289 -0.206855 -0.18403 -0.161775 -0.140048 -0.118815 -0.0980404 -0.077693 -0.0577427 -0.0381612 -0.018922 
-0.24241 -0.50142 -0.794878 -1.12823 -1.45126 -1.69889 -1.88619 -2.03888 -2.14837 -2.21096 -2.23198 -2.22223 -2.19188 -2.14854 -2.09469 -2.03373 -1.96817 -1.89974 -1.82965 -1.75875 -1.68769 -1.61686 -1.5465 -1.47698 -1.40864 -1.3418 -1.27669 -1.21346 -1.15225 -1.09311 -1.03609 -0.98118 -0.928362 -0.877601 -0.828852 -0.782079 -0.737328 -0.69457 -0.653732 -0.614718 -0.577421 -0.541733 -0.507546 -0.474755 -0.443262 -0.412974 -0.383806 -0.355677 -0.328514 -0.302246 -0.276811 -0.252149 -0.228207 -0.204932 -0.182279 -0.160203 -0.138664 -0.117623 -0.0970451 -0.0768966 -0.0571463 -0.037765 -0.0187249 
-0.243261 -0.502164 -0.794915 -1.13226 -1.46864 -1.73421 -1.93897 -2.10844 -2.2304 -2.30099 -2.32647 -2.31883 -2.28903 -2.24275 -2.18465 -2.11851 -2.04706 -1.97227 -1.89555 -1.81795 -1.74025 -1.66305 -1.58662 -1.51138 -1.43777 -1.36611 -1.29665 -1.22953 -1.16485 -1.10265 -1.04294 -0.985691 -0.93085 -0.878352 -0.828123 -0.780127 -0.734402 -0.690891 -0.649487 -0.610065 -0.572492 -0.536634 -0.502366 -0.469568 -0.43813 -0.407947 -0.378927 -0.35098 -0.324027 -0.297995 -0.272815 -0.248425 -0.224767 -0.201788 -0.179439 -0.157673 -0.136448 -0.115725 -0.0954661 -0.0756371 -0.0562056 -0.0371411 -0.018415 
-0.244134 -0.502846 -0.794379 -1.1349 -1.48473 -1.77012 -1.99515 -2.18499 -2.32212 -2.40241 -2.43309 -2.42754 -2.3986 -2.34844 -2.2845 -2.21136 -2.13218 -2.04922 -1.96416 -1.87827 -1.79251 -1.70763 -1.62409 -1.54221 -1.46255 -1.38548 -1.3112 -1.23986 -1.17149 -1.10611 -1.04367 -0.984113 -0.927338 -0.873238 -0.821678 -0.772711 -0.7263 -0.682328 -0.640647 -0.601092 -0.563504 -0.527727 -0.493617 -0.461041 -0.429875 -0.400007 -0.371336 -0.343766 -0.317213 -0.291599 -0.266851 -0.242905 -0.2197 -0.197181 -0.175295 -0.153995 -0.133238 -0.112983 -0.0931902 -0.0738251 -0.054854 -0.0362456 -0.0179702 
-0.244952 -0.503334 -0.793068 -1.13572 -1.49887 -1.80609 -2.05471 -2.2696 -2.42547 -2.51772 -2.55461 -2.55081 -2.52071 -2.4656 -2.39417 -2.31194 -2.22273 -2.12931 -2.03376 -1.93763 -1.84209 -1.74804 -1.65615 -1.56665 -1.4802 -1.39717 -1.31772 -1.24192 -1.16978 -1.10123 -1.03617 -0.974469 -0.915987 -0.860562 -0.808025 -0.758504 -0.711826 -0.667798 -0.62622 -0.586891 -0.549624 -0.514244 -0.48059 -0.448518 -0.417894 -0.388598 -0.360522 -0.333566 -0.30764 -0.282664 -0.258562 -0.235266 -0.212714 -0.190849 -0.169617 -0.148969 -0.12886 -0.109249 -0.0900961 -0.0713645 -0.0530203 -0.0350314 -0.0173675 
-0.245575 -0.503386 -0.790638 -1.13412 -1.51008 -1.84121 -2.11734 -2.36352 -2.54296 -2.65026 -2.69504 -2.69311 -2.65836 -2.59584 -2.51403 -2.41952 -2.3171 -2.21022 -2.10145 -1.99269 -1.88534 -1.78046 -1.67884 -1.58077 -1.4869 -1.39751 -1.31271 -1.23247 -1.15669 -1.08521 -1.01786 -0.954414 -0.894661 -0.838357 -0.785533 -0.736064 -0.689684 -0.646125 -0.605133 -0.566477 -0.529947 -0.495352 -0.46252 -0.431295 -0.401538 -0.373124 -0.345938 -0.319878 -0.294852 -0.270775 -0.24757 -0.225168 -0.203504 -0.182521 -0.162164 -0.142383 -0.123133 -0.104372 -0.0860582 -0.0681562 -0.0506309 -0.03345 -0.0165827 
-0.245771 -0.502587 -0.786511 -1.1292 -1.51693 -1.87397 -2.18219 -2.46807 -2.67769 -2.80415 -2.85942 -2.86217 -2.81827 -2.74208 -2.64414 -2.53223 -2.41201 -2.28766 -2.16223 -2.03799 -1.91656 -1.79911 -1.68646 -1.57908 -1.47743 -1.38165 -1.29169 -1.20738 -1.12847 -1.05469 -0.98572 -0.921255 -0.860982 -0.804636 -0.752434 -0.703849 -0.658498 -0.616059 -0.576246 -0.538806 -0.503516 -0.470173 -0.438599 -0.408632 -0.380131 -0.352965 -0.327019 -0.302188 -0.278379 -0.255505 -0.23349 -0.212263 -0.19176 -0.171922 -0.152694 -0.134028 -0.115876 -0.0981976 -0.0809516 -0.0641017 -0.0476131 -0.0314534 -0.0155921 
-0.245164 -0.500252 -0.779738 -1.11955 -1.51725 -1.90193 -2.24742 -2.58458 -2.83349 -2.98363 -3.04884 -3.05315 -2.99621 -2.90043 -2.77981 -2.64412 -2.50037 -2.35362 -2.2075 -2.06464 -1.92685 -1.79534 -1.67082 -1.55392 -1.44479 -1.34324 -1.24898 -1.1616 -1.08067 -1.00574 -0.936318 -0.871994 -0.812292 -0.757555 -0.707089 -0.660337 -0.616863 -0.576311 -0.538377 -0.502797 -0.46934 -0.437802 -0.408002 -0.379778 -0.352987 -0.327499 -0.303199 -0.279984 -0.257758 -0.236439 -0.215949 -0.196219 -0.177184 -0.158788 -0.140977 -0.123702 -0.106918 -0.0905829 -0.0746584 -0.0591081 -0.0438981 -0.0289965 -0.0143733 
-0.243172 -0.495295 -0.76879 -1.10305 -1.50779 -1.92106 -2.30932 -2.71408 -3.01605 -3.19733 -3.27357 -3.2657 -3.1877 -3.0634 -2.91096 -2.74309 -2.56862 -2.39371 -2.22262 -2.05826 -1.90249 -1.75636 -1.62033 -1.49502 -1.3799 -1.27435 -1.17769 -1.08922 -1.00822 -0.934033 -0.865958 -0.803526 -0.746917 -0.695237 -0.647768 -0.60395 -0.563338 -0.525567 -0.49033 -0.457362 -0.426435 -0.397347 -0.369921 -0.344001 -0.319445 -0.29613 -0.273942 -0.252781 -0.232557 -0.213188 -0.1946 -0.176726 -0.159505 -0.142881 -0.126803 -0.111226 -0.0961041 -0.0813992 -0.0670738 -0.0530934 -0.0394254 -0.0260395 -0.0129067 
-0.238928 -0.486071 -0.751313 -1.07641 -1.4836 -1.92473 -2.36073 -2.85608 -3.23202 -3.45485 -3.54704 -3.50893 -3.38791 -3.21643 -3.01706 -2.80522 -2.59133 -2.38237 -2.18297 -1.99592 -1.82276 -1.66394 -1.51945 -1.38913 -1.27161 -1.16571 -1.07012 -0.983874 -0.905878 -0.835184 -0.771548 -0.714442 -0.662789 -0.615766 -0.572711 -0.533095 -0.496487 -0.462534 -0.430941 -0.401456 -0.373861 -0.347966 -0.323603 -0.300627 -0.278905 -0.25832 -0.238768 -0.220155 -0.202396 -0.185417 -0.169147 -0.153524 -0.138493 -0.124001 -0.110001 -0.096451 -0.0833104 -0.0705427 -0.0581138 -0.0459918 -0.0341469 -0.0225508 -0.0111769 
-0.231223 -0.470242 -0.723864 -1.03482 -1.43721 -1.90202 -2.38777 -3.00518 -3.48723 -3.75641 -3.83343 -3.74249 -3.55339 -3.31206 -3.04798 -2.77997 -2.51978 -2.27452 -2.04829 -1.84282 -1.65841 -1.49414 -1.34908 -1.22096 -1.10779 -1.00772 -0.918756 -0.839522 -0.769279 -0.707205 -0.651951 -0.602438 -0.557768 -0.517219 -0.480204 -0.446246 -0.414957 -0.386015 -0.359154 -0.334145 -0.310793 -0.28893 -0.268406 -0.24909 -0.230867 -0.213633 -0.197295 -0.18177 -0.166984 -0.15287 -0.139367 -0.126422 -0.113983 -0.102006 -0.0904494 -0.0792763 -0.0684516 -0.0579435 -0.0477222 -0.03776 -0.0280308 -0.0185099 -0.00917366 
-0.218487 -0.444733 -0.681845 -0.971737 -1.35796 -1.8351 -2.3634 -3.1414 -3.7867 -4.10509 -4.09368 -3.88732 -3.5834 -3.24132 -2.89613 -2.56783 -2.26659 -1.99668 -1.75917 -1.55242 -1.37401 -1.22108 -1.08962 -0.976178 -0.877858 -0.792274 -0.718467 -0.65435 -0.598153 -0.548557 -0.50454 -0.465219 -0.429858 -0.397859 -0.368736 -0.342096 -0.317615 -0.295029 -0.274118 -0.254694 -0.236599 -0.219695 -0.203861 -0.188991 -0.174991 -0.161778 -0.149275 -0.137417 -0.126144 -0.115401 -0.10514 -0.095316 -0.0858903 -0.0768266 -0.0680919 -0.0596561 -0.0514918 -0.0435734 -0.0358775 -0.0283819 -0.021066 -0.0139099 -0.00689405 
-0.198858 -0.40585 -0.619867 -0.879638 -1.23269 -1.69643 -2.23383 -3.19022 -4.08712 -4.30898 -4.07589 -3.65913 -3.19382 -2.74472 -2.34088 -1.99226 -1.69784 -1.45186 -1.24829 -1.08019 -0.940784 -0.824494 -0.727858 -0.647175 -0.579025 -0.520961 -0.470859 -0.427478 -0.389669 -0.356465 -0.32711 -0.30098 -0.277561 -0.256433 -0.237259 -0.219764 -0.203727 -0.188966 -0.17533 -0.162692 -0.150944 -0.139993 -0.129756 -0.120164 -0.111151 -0.102661 -0.0946435 -0.0870536 -0.0798506 -0.072998 -0.0664631 -0.0602164 -0.0542312 -0.0484834 -0.042951 -0.0376139 -0.0324539 -0.0274541 -0.0225988 -0.0178736 -0.0132648 -0.00875925 -0.00434326 
-0.170391 -0.349217 -0.532543 -0.753089 -1.05305 -1.45398 -1.8988 -2.87459 -3.87343 -3.46585 -2.79568 -2.1832 -1.69534 -1.32606 -1.05111 -0.845933 -0.692072 -0.575891 -0.485684 -0.414344 -0.357137 -0.310877 -0.272725 -0.24094 -0.214396 -0.192069 -0.172961 -0.156505 -0.142242 -0.129783 -0.118818 -0.109096 -0.100411 -0.0925982 -0.0855247 -0.0790851 -0.0731943 -0.0677834 -0.0627954 -0.0581825 -0.0539042 -0.0499252 -0.0462148 -0.0427456 -0.0394937 -0.0364374 -0.0335575 -0.0308369 -0.0282602 -0.0258136 -0.0234846 -0.0212621 -0.0191361 -0.0170975 -0.015138 -0.0132503 -0.0114273 -0.00966286 -0.00795118 -0.00628695 -0.00466544 -0.00308277 -0.0015367 
