8.14302 15.0376 20.4669 24.2044 26.2775 26.9084 26.3927 25.0128 23.0111 20.5926 17.9361 15.2051 12.5495 10.0995 7.96665 6.22923 4.96167 4.42669 4.03899 3.21291 2.37825 1.66917 1.13673 0.763679 0.522218 0.36873 0.266804 0.191221 0.132744 0.0865497 0.049435 0.0190877 -0.00621252 -0.0277892 -0.0467006 -0.0638224 -0.0798984 -0.0955723 -0.111395 -0.127895 -0.145402 -0.164267 -0.185093 -0.208218 -0.233886 -0.262248 -0.293673 -0.32881 -0.368082 -0.412021 -0.461366 -0.516635 -0.57839 -0.64771 -0.726063 -0.815089 -0.916286 -1.03005 -1.15577 -1.29045 -1.42732 -1.55464 -1.65623 
5.70169 10.8974 15.1899 18.279 20.0784 20.7018 20.3661 19.3031 17.7233 15.8072 13.7075 11.5582 9.48039 7.57747 5.95194 4.69309 3.93751 3.84455 3.88746 3.59454 3.13246 2.62048 2.10633 1.63411 1.23248 0.905537 0.650468 0.456742 0.306863 0.188277 0.0922512 0.0126452 -0.0550002 -0.11407 -0.167249 -0.216747 -0.264437 -0.311956 -0.360668 -0.41204 -0.467031 -0.52649 -0.591791 -0.663874 -0.743963 -0.833545 -0.933248 -1.04335 -1.16542 -1.30096 -1.45181 -1.6191 -1.80351 -2.0057 -2.22592 -2.46374 -2.7183 -2.98806 -3.2686 -3.55332 -3.83309 -4.09663 -4.33202 
3.92018 7.72299 11.0366 13.5275 15.0275 15.5683 15.3064 14.4332 13.134 11.5693 9.87061 8.14801 6.49999 5.00313 3.74866 2.80245 2.29351 2.29552 2.51214 2.57134 2.439 2.19971 1.91115 1.60902 1.30699 1.02077 0.759807 0.536155 0.350344 0.195758 0.0655524 -0.0460896 -0.143924 -0.231895 -0.313342 -0.391135 -0.467773 -0.545602 -0.626253 -0.71205 -0.804722 -0.905893 -1.01554 -1.13523 -1.26659 -1.41134 -1.57071 -1.74597 -1.93846 -2.14924 -2.3807 -2.63467 -2.91278 -3.21292 -3.53175 -3.86621 -4.21224 -4.56465 -4.91852 -5.26722 -5.60213 -5.91253 -6.1855 
2.67227 5.4058 7.91155 9.86825 11.0662 11.4832 11.2327 10.472 9.36264 8.04662 6.63615 5.22225 3.88931 2.68954 1.71226 0.996638 0.661628 0.75739 1.14484 1.44189 1.53647 1.50095 1.38534 1.22216 1.0296 0.826351 0.627122 0.438837 0.265782 0.110037 -0.0293927 -0.155004 -0.269758 -0.376765 -0.479066 -0.579534 -0.680686 -0.785515 -0.895948 -1.01153 -1.13419 -1.26596 -1.40857 -1.56297 -1.73007 -1.91179 -2.10948 -2.32435 -2.55453 -2.79889 -3.05394 -3.31896 -3.59318 -3.87875 -4.17813 -4.49253 -4.8227 -5.16915 -5.53151 -5.90818 -6.2945 -6.67933 -7.04025 
1.80724 3.74573 5.60896 7.10786 8.01792 8.28654 8.00249 7.30006 6.32164 5.19146 4.00224 2.82738 1.74207 0.780179 0.0288024 -0.423515 -0.559109 -0.394564 -0.0594126 0.338112 0.65438 0.785156 0.801271 0.744338 0.641277 0.51415 0.376328 0.234304 0.0929858 -0.0447078 -0.176584 -0.302259 -0.422598 -0.539392 -0.654894 -0.771652 -0.892055 -1.01505 -1.14193 -1.27488 -1.4151 -1.5645 -1.72448 -1.89532 -2.07543 -2.26191 -2.45393 -2.65105 -2.85499 -3.06642 -3.286 -3.5136 -3.7496 -3.99461 -4.24963 -4.51602 -4.79571 -5.09149 -5.4071 -5.74757 -6.11829 -6.52107 -6.94373 
1.20159 2.55323 3.91594 5.04111 5.70556 5.83924 5.51542 4.85088 3.97221 2.98788 1.9731 0.988727 0.0965651 -0.612929 -1.12562 -1.37703 -1.37856 -1.1867 -0.898646 -0.508313 -0.145324 0.108001 0.231843 0.265783 0.239793 0.176047 0.0886515 -0.0138711 -0.124662 -0.238781 -0.354554 -0.471261 -0.588942 -0.707936 -0.829598 -0.953627 -1.07913 -1.20804 -1.34166 -1.48067 -1.62528 -1.77381 -1.92551 -2.08006 -2.23829 -2.40054 -2.5668 -2.73702 -2.91106 -3.08894 -3.27083 -3.45649 -3.64564 -3.83794 -4.03313 -4.23121 -4.43267 -4.6389 -4.85305 -5.08155 -5.33638 -5.6363 -5.99939 
0.778389 1.70041 2.67807 3.50338 3.96392 3.98124 3.61998 2.98482 2.18978 1.32925 0.459562 -0.330641 -1.00619 -1.51166 -1.83241 -1.94524 -1.87155 -1.66941 -1.41039 -1.10402 -0.772912 -0.46906 -0.276448 -0.17412 -0.138789 -0.15031 -0.194466 -0.261551 -0.3444 -0.438018 -0.53883 -0.644753 -0.755136 -0.870479 -0.988258 -1.10768 -1.22894 -1.35205 -1.47672 -1.6035 -1.73275 -1.86451 -1.9982 -2.13369 -2.27096 -2.41012 -2.55108 -2.69353 -2.83697 -2.98088 -3.12472 -3.26761 -3.40842 -3.54565 -3.67749 -3.8018 -3.91603 -4.01728 -4.10252 -4.16952 -4.21973 -4.26594 -4.34781 
0.480433 1.08778 1.77088 2.3607 2.66185 2.59251 2.21059 1.61027 0.894777 0.150327 -0.544369 -1.164 -1.66465 -2.01535 -2.1991 -2.22484 -2.12513 -1.94366 -1.71402 -1.46976 -1.20507 -0.939541 -0.703869 -0.553897 -0.472823 -0.442992 -0.451118 -0.48726 -0.544051 -0.616146 -0.699613 -0.791899 -0.891088 -0.993638 -1.09879 -1.20599 -1.31486 -1.42516 -1.53673 -1.64946 -1.76344 -1.87844 -1.99428 -2.1107 -2.22745 -2.34432 -2.46095 -2.57677 -2.691 -2.80273 -2.91085 -3.01389 -3.10996 -3.1966 -3.27069 -3.32821 -3.36388 -3.37056 -3.33824 -3.2522 -3.08967 -2.81379 -2.368 
0.272169 0.650145 1.10929 1.51517 1.69289 1.56153 1.17343 0.614246 0.00086397 -0.60784 -1.16094 -1.63632 -2.00435 -2.22802 -2.32678 -2.31295 -2.2139 -2.06061 -1.87671 -1.67352 -1.45783 -1.23825 -1.02984 -0.861665 -0.750146 -0.689884 -0.669599 -0.679868 -0.713487 -0.765034 -0.830377 -0.905924 -0.988187 -1.07535 -1.16603 -1.2593 -1.35447 -1.45105 -1.54865 -1.64689 -1.74543 -1.84413 -1.94273 -2.04087 -2.13814 -2.23409 -2.32812 -2.41948 -2.50716 -2.58997 -2.66643 -2.73468 -2.79233 -2.83638 -2.86296 -2.86707 -2.84213 -2.77916 -2.66546 -2.48207 -2.199 -1.76421 -1.06925 
0.127254 0.337518 0.626657 0.890484 0.97665 0.808587 0.430322 -0.0473096 -0.559292 -1.05401 -1.4895 -1.85501 -2.10824 -2.25314 -2.30522 -2.27803 -2.19234 -2.06923 -1.92429 -1.76494 -1.58946 -1.41206 -1.23925 -1.08241 -0.963385 -0.885444 -0.844669 -0.834569 -0.848786 -0.881872 -0.929299 -0.987408 -1.05337 -1.12516 -1.20121 -1.28035 -1.36169 -1.44451 -1.52822 -1.61225 -1.6959 -1.77907 -1.86144 -1.94253 -2.02181 -2.09865 -2.17232 -2.24191 -2.30629 -2.36409 -2.41364 -2.45289 -2.47926 -2.48954 -2.47968 -2.44453 -2.3774 -2.2695 -2.10896 -1.87867 -1.55427 -1.09644 -0.494548 
0.0267963 0.118474 0.277474 0.43226 0.449725 0.269397 -0.0656649 -0.469734 -0.89184 -1.28841 -1.62978 -1.8976 -2.0724 -2.16781 -2.19572 -2.16817 -2.10022 -2.00585 -1.89506 -1.77266 -1.63688 -1.49458 -1.3526 -1.21929 -1.10767 -1.02572 -0.974284 -0.95026 -0.949171 -0.966503 -0.998218 -1.04096 -1.09211 -1.1496 -1.21182 -1.27747 -1.34553 -1.41513 -1.48555 -1.55609 -1.62597 -1.69466 -1.76206 -1.82758 -1.89059 -1.95038 -2.00611 -2.0568 -2.10124 -2.13801 -2.16538 -2.18124 -2.18304 -2.1676 -2.13101 -2.06839 -1.97349 -1.8383 -1.65251 -1.39999 -1.06449 -0.638358 -0.224965 
-0.0437587 -0.0360313 0.0293979 0.101038 0.0751697 -0.0980366 -0.385579 -0.722059 -1.0651 -1.38103 -1.64517 -1.83636 -1.95889 -2.02356 -2.03966 -2.01703 -1.96656 -1.89733 -1.81554 -1.72433 -1.62289 -1.51103 -1.39709 -1.28792 -1.19043 -1.11309 -1.05897 -1.02747 -1.01605 -1.02148 -1.04056 -1.07044 -1.10875 -1.15354 -1.20323 -1.25649 -1.31224 -1.36955 -1.4276 -1.48562 -1.54284 -1.59861 -1.65243 -1.70395 -1.75254 -1.79736 -1.83755 -1.87211 -1.89982 -1.91925 -1.92869 -1.9261 -1.90902 -1.87442 -1.81863 -1.73714 -1.62407 -1.47159 -1.27021 -1.01036 -0.684141 -0.34121 -0.114673 
-0.0928554 -0.143877 -0.144238 -0.130699 -0.182748 -0.342286 -0.585438 -0.86212 -1.13819 -1.38771 -1.5887 -1.72476 -1.81078 -1.85528 -1.86522 -1.84832 -1.81254 -1.76372 -1.70548 -1.63998 -1.5647 -1.47931 -1.39048 -1.30332 -1.22278 -1.155 -1.10375 -1.07 -1.05278 -1.05012 -1.05972 -1.07933 -1.10696 -1.14085 -1.17954 -1.22175 -1.2664 -1.31255 -1.35934 -1.40598 -1.45171 -1.49583 -1.53779 -1.57705 -1.61296 -1.6448 -1.67171 -1.69269 -1.70653 -1.71184 -1.70696 -1.68996 -1.6585 -1.60969 -1.53999 -1.445 -1.31933 -1.1565 -0.94911 -0.69424 -0.419903 -0.188961 -0.0594267 
-0.126749 -0.218435 -0.264198 -0.289474 -0.355423 -0.498254 -0.701506 -0.927051 -1.14782 -1.34335 -1.49697 -1.59428 -1.65455 -1.68498 -1.69095 -1.67844 -1.65342 -1.61979 -1.57973 -1.53257 -1.47747 -1.4151 -1.34858 -1.28148 -1.21757 -1.16121 -1.11593 -1.08346 -1.06392 -1.05635 -1.05927 -1.07103 -1.09004 -1.11483 -1.14408 -1.17664 -1.21149 -1.24769 -1.28442 -1.32089 -1.35635 -1.39012 -1.42159 -1.45017 -1.47521 -1.496 -1.51171 -1.52133 -1.52373 -1.51758 -1.50131 -1.47303 -1.43047 -1.37089 -1.29095 -1.18655 -1.05298 -0.88506 -0.68147 -0.456855 -0.241553 -0.0978318 -0.0264371 
-0.149646 -0.268951 -0.345379 -0.395814 -0.468051 -0.594288 -0.763639 -0.947057 -1.12299 -1.27544 -1.39209 -1.46449 -1.50695 -1.52617 -1.52857 -1.51866 -1.49988 -1.47561 -1.44735 -1.41445 -1.3764 -1.3328 -1.28499 -1.23521 -1.18628 -1.14128 -1.10322 -1.07406 -1.05453 -1.04441 -1.04288 -1.04882 -1.06105 -1.07836 -1.09966 -1.12393 -1.15023 -1.17771 -1.20556 -1.23305 -1.25945 -1.28411 -1.3064 -1.32572 -1.34143 -1.35283 -1.35911 -1.35929 -1.3523 -1.33687 -1.31147 -1.27429 -1.22317 -1.1555 -1.06812 -0.957454 -0.819538 -0.654698 -0.470115 -0.284743 -0.132095 -0.0419221 -0.00557293 
-0.164906 -0.30275 -0.399616 -0.465836 -0.539383 -0.649823 -0.790848 -0.940253 -1.08079 -1.19999 -1.28903 -1.34357 -1.37361 -1.38529 -1.38426 -1.37453 -1.35907 -1.34061 -1.32031 -1.29782 -1.27246 -1.24318 -1.21016 -1.17455 -1.13831 -1.10356 -1.07275 -1.04774 -1.02956 -1.01846 -1.01411 -1.01583 -1.02277 -1.03402 -1.04869 -1.06589 -1.08483 -1.10471 -1.12481 -1.14443 -1.1629 -1.1796 -1.19391 -1.20524 -1.21296 -1.21638 -1.21472 -1.20706 -1.19234 -1.16935 -1.13664 -1.09243 -1.03468 -0.960963 -0.868342 -0.754357 -0.619263 -0.466261 -0.306004 -0.159616 -0.057599 -0.00457041 0.00862306 
-0.174834 -0.324896 -0.435141 -0.510953 -0.583205 -0.679808 -0.797953 -0.920452 -1.03346 -1.12731 -1.19584 -1.23711 -1.25818 -1.2643 -1.26027 -1.24972 -1.23557 -1.22021 -1.2048 -1.18921 -1.17257 -1.15355 -1.13156 -1.10697 -1.08089 -1.05478 -1.0305 -1.0097 -0.993463 -0.982307 -0.976231 -0.974889 -0.977724 -0.984069 -0.993216 -1.00445 -1.01706 -1.03038 -1.04374 -1.05651 -1.06807 -1.07784 -1.08523 -1.08967 -1.09054 -1.08719 -1.07885 -1.06463 -1.04353 -1.01436 -0.975742 -0.925978 -0.863082 -0.784966 -0.690309 -0.578474 -0.451186 -0.314782 -0.182395 -0.0728001 -0.00586536 0.0215216 0.0187438 
-0.181217 -0.339267 -0.458216 -0.539624 -0.609151 -0.693783 -0.793588 -0.895159 -0.987203 -1.06214 -1.11565 -1.14714 -1.16167 -1.16362 -1.15701 -1.14521 -1.13104 -1.11681 -1.10381 -1.09213 -1.08083 -1.06854 -1.05426 -1.03774 -1.01937 -1.0001 -0.981282 -0.964247 -0.950036 -0.939262 -0.932131 -0.928533 -0.928139 -0.930484 -0.935026 -0.941191 -0.94839 -0.956039 -0.963557 -0.970376 -0.975935 -0.979685 -0.981083 -0.979575 -0.974574 -0.965436 -0.951435 -0.931723 -0.905318 -0.87106 -0.827571 -0.773498 -0.707366 -0.627869 -0.534308 -0.427573 -0.311297 -0.193721 -0.0883704 -0.0111372 0.0305306 0.0400838 0.0260949 
-0.185244 -0.34846 -0.473012 -0.557546 -0.623932 -0.698709 -0.784177 -0.869709 -0.945968 -1.00692 -1.04951 -1.07379 -1.08352 -1.08229 -1.07352 -1.06026 -1.04526 -1.03079 -1.0183 -1.00812 -0.999414 -0.990915 -0.981456 -0.970362 -0.957493 -0.943335 -0.928767 -0.914813 -0.902377 -0.892083 -0.884247 -0.878912 -0.875915 -0.87495 -0.875617 -0.877465 -0.88001 -0.882758 -0.885205 -0.886845 -0.887176 -0.885693 -0.88189 -0.87524 -0.86518 -0.851084 -0.832235 -0.807856 -0.777032 -0.738724 -0.69181 -0.635111 -0.567583 -0.48859 -0.398392 -0.299132 -0.195893 -0.0976842 -0.0166963 0.0354147 0.0576689 0.0539591 0.0316593 
-0.18779 -0.35438 -0.482582 -0.568767 -0.631988 -0.698686 -0.773031 -0.846468 -0.911073 -0.961888 -0.996685 -1.0158 -1.02206 -1.01846 -1.0079 -0.99317 -0.97687 -0.961257 -0.947914 -0.93744 -0.929194 -0.922161 -0.915115 -0.90713 -0.897885 -0.887239 -0.875701 -0.864017 -0.852923 -0.842991 -0.834574 -0.827808 -0.822638 -0.818876 -0.816235 -0.814368 -0.812885 -0.811372 -0.809397 -0.806516 -0.802278 -0.796225 -0.787885 -0.776764 -0.76233 -0.743999 -0.721117 -0.692943 -0.658653 -0.617353 -0.568122 -0.510081 -0.44263 -0.365786 -0.280723 -0.190629 -0.101458 -0.0220294 0.0377672 0.0708113 0.0783695 0.0646369 0.0359959 
-0.189413 -0.358242 -0.488863 -0.575883 -0.636268 -0.69658 -0.76247 -0.826909 -0.883014 -0.926582 -0.955888 -0.971348 -0.975164 -0.969804 -0.957804 -0.941681 -0.92388 -0.906599 -0.891496 -0.879408 -0.870179 -0.862936 -0.85654 -0.849961 -0.842459 -0.833758 -0.82405 -0.813795 -0.80353 -0.793728 -0.784719 -0.77667 -0.7696 -0.763405 -0.757887 -0.752784 -0.747785 -0.742546 -0.736699 -0.729858 -0.721624 -0.711583 -0.699301 -0.684324 -0.666157 -0.64426 -0.618034 -0.586811 -0.54987 -0.506468 -0.455898 -0.397608 -0.331458 -0.25809 -0.179469 -0.0995306 -0.0245172 0.0376527 0.0797203 0.0979289 0.094295 0.0729362 0.0394073 
-0.190506 -0.360901 -0.493223 -0.580668 -0.638604 -0.693875 -0.753396 -0.811257 -0.861297 -0.899811 -0.925362 -0.938341 -0.940486 -0.933879 -0.920743 -0.903365 -0.884031 -0.864862 -0.847561 -0.833153 -0.821875 -0.813123 -0.805931 -0.799272 -0.792125 -0.784122 -0.775208 -0.765593 -0.755618 -0.745632 -0.73591 -0.726621 -0.717817 -0.70945 -0.701387 -0.693432 -0.685338 -0.676823 -0.667576 -0.657263 -0.645533 -0.632014 -0.616316 -0.598021 -0.576678 -0.551796 -0.522835 -0.489212 -0.45032 -0.405577 -0.354507 -0.296893 -0.233043 -0.164166 -0.0928381 -0.0233969 0.0381403 0.0851481 0.11248 0.118946 0.106649 0.0794178 0.0420942 
-0.191303 -0.362873 -0.496482 -0.584194 -0.640145 -0.691549 -0.746359 -0.799484 -0.84527 -0.880332 -0.903381 -0.914732 -0.915787 -0.908324 -0.894313 -0.875841 -0.85504 -0.833934 -0.814289 -0.797298 -0.783317 -0.772171 -0.763117 -0.755208 -0.747329 -0.739018 -0.730028 -0.720359 -0.710168 -0.699675 -0.689084 -0.678536 -0.668095 -0.657742 -0.64739 -0.636891 -0.626052 -0.61464 -0.602395 -0.589029 -0.574236 -0.557685 -0.539027 -0.517885 -0.493853 -0.46649 -0.435324 -0.399862 -0.359622 -0.314192 -0.263336 -0.207164 -0.146404 -0.082736 -0.0191447 0.039944 0.0890802 0.123016 0.138405 0.135452 0.116323 0.0844988 0.0442071 
-0.191962 -0.364505 -0.499196 -0.587158 -0.641532 -0.689967 -0.74133 -0.79112 -0.83401 -0.866801 -0.888268 -0.898625 -0.899021 -0.891002 -0.876337 -0.856935 -0.834779 -0.811832 -0.78984 -0.770072 -0.753125 -0.739124 -0.727557 -0.71753 -0.708142 -0.698767 -0.689012 -0.678709 -0.667859 -0.65656 -0.644934 -0.633081 -0.621055 -0.60885 -0.596407 -0.583615 -0.570319 -0.556331 -0.541431 -0.525374 -0.507893 -0.488698 -0.467477 -0.443896 -0.417595 -0.38819 -0.355279 -0.318466 -0.277398 -0.231841 -0.181797 -0.12769 -0.0706091 -0.0125959 0.0431562 0.0923879 0.1304 0.153239 0.158976 0.148463 0.123903 0.088464 0.0458521 
-0.192566 -0.365986 -0.501669 -0.589944 -0.643127 -0.689334 -0.73822 -0.785709 -0.826684 -0.858045 -0.878571 -0.888378 -0.888424 -0.880075 -0.864934 -0.844762 -0.821412 -0.796762 -0.772501 -0.749972 -0.729996 -0.712927 -0.698473 -0.685902 -0.674454 -0.663454 -0.652403 -0.641005 -0.629131 -0.616765 -0.60395 -0.590736 -0.577154 -0.563198 -0.548823 -0.533943 -0.518435 -0.502142 -0.484882 -0.466445 -0.446601 -0.425097 -0.401659 -0.375996 -0.347793 -0.316727 -0.28247 -0.244728 -0.20328 -0.158072 -0.109338 -0.0577787 -0.00478455 0.0473675 0.0954512 0.135552 0.16378 0.177298 0.175193 0.15862 0.129758 0.0914915 0.0470953 
-0.19317 -0.367439 -0.504098 -0.592781 -0.645083 -0.689613 -0.736741 -0.782694 -0.822467 -0.852996 -0.873034 -0.882605 -0.88252 -0.874007 -0.858537 -0.837744 -0.813375 -0.787188 -0.760828 -0.73569 -0.712774 -0.692622 -0.67515 -0.659817 -0.645983 -0.63298 -0.620253 -0.607414 -0.594229 -0.580587 -0.566454 -0.551828 -0.536709 -0.521083 -0.504909 -0.488115 -0.470601 -0.452239 -0.432873 -0.412327 -0.390403 -0.366883 -0.341531 -0.314095 -0.284313 -0.251918 -0.216665 -0.17836 -0.13692 -0.0924623 -0.0454364 0.00321557 0.0518819 0.0981668 0.138954 0.170777 0.190526 0.196267 0.187781 0.166367 0.134127 0.0936917 0.0479766 
-0.193795 -0.368918 -0.506572 -0.595771 -0.64746 -0.690746 -0.73665 -0.781614 -0.820683 -0.850788 -0.870641 -0.880183 -0.880115 -0.871558 -0.855878 -0.834604 -0.809376 -0.781851 -0.753622 -0.726113 -0.700457 -0.677346 -0.656887 -0.638732 -0.622352 -0.607124 -0.592474 -0.577953 -0.563251 -0.548178 -0.53263 -0.516555 -0.49992 -0.482696 -0.464838 -0.446282 -0.426945 -0.406717 -0.385469 -0.363053 -0.339298 -0.31402 -0.287019 -0.258085 -0.227005 -0.193576 -0.157633 -0.119086 -0.0779837 -0.0346107 0.0103945 0.0558959 0.100137 0.140708 0.174704 0.199152 0.21164 0.210932 0.19727 0.172017 0.137172 0.0951369 0.0485204 
-0.194452 -0.370453 -0.509143 -0.598962 -0.650243 -0.692595 -0.737661 -0.782027 -0.820739 -0.8507 -0.870569 -0.880218 -0.880265 -0.871749 -0.855956 -0.834323 -0.808396 -0.779742 -0.749904 -0.720311 -0.692184 -0.666331 -0.643027 -0.622103 -0.603146 -0.585594 -0.568884 -0.552534 -0.536181 -0.519573 -0.502549 -0.485009 -0.466887 -0.448134 -0.428698 -0.408518 -0.38752 -0.36561 -0.342681 -0.318605 -0.293241 -0.266436 -0.238023 -0.207835 -0.175709 -0.141507 -0.105145 -0.0666345 -0.026154 0.0158626 0.0586149 0.100824 0.140662 0.17579 0.203584 0.221556 0.227891 0.221878 0.204052 0.175802 0.139013 0.0958781 0.0487435 
-0.195143 -0.37205 -0.511821 -0.602356 -0.653396 -0.69505 -0.739551 -0.783589 -0.822178 -0.852173 -0.872182 -0.88202 -0.882241 -0.873827 -0.857996 -0.836113 -0.80964 -0.78007 -0.748889 -0.717516 -0.68722 -0.658899 -0.632964 -0.609409 -0.587937 -0.568058 -0.549239 -0.530992 -0.512919 -0.494723 -0.476196 -0.457196 -0.437628 -0.417419 -0.396508 -0.374832 -0.352323 -0.328899 -0.304469 -0.278927 -0.252155 -0.22403 -0.194419 -0.163197 -0.130253 -0.0955125 -0.0589714 -0.0207423 0.0188776 0.059322 0.0996614 0.138524 0.174076 0.204117 0.226331 0.238691 0.239874 0.229549 0.208419 0.177895 0.13974 0.0959546 0.0486592 
-0.195864 -0.373709 -0.514606 -0.605944 -0.656868 -0.697986 -0.742113 -0.786006 -0.824626 -0.854768 -0.874991 -0.885063 -0.885494 -0.877221 -0.861414 -0.839378 -0.812502 -0.782216 -0.749951 -0.7171 -0.684951 -0.654461 -0.626153 -0.600163 -0.576303 -0.554166 -0.533261 -0.513112 -0.493304 -0.47351 -0.453486 -0.433056 -0.412094 -0.390508 -0.368224 -0.345177 -0.321298 -0.296517 -0.270754 -0.243923 -0.215929 -0.186674 -0.156062 -0.124008 -0.0904526 -0.0553853 -0.0188804 0.0188546 0.0574148 0.0961224 0.133953 0.16949 0.200947 0.226304 0.243569 0.251126 0.248055 0.234294 0.210594 0.178436 0.139427 0.0954006 0.0482792 
-0.19661 -0.375419 -0.517488 -0.609703 -0.660608 -0.701306 -0.745189 -0.789059 -0.827804 -0.858159 -0.878634 -0.888959 -0.889616 -0.881511 -0.865778 -0.843672 -0.816522 -0.785705 -0.752598 -0.718556 -0.684862 -0.652509 -0.622109 -0.593913 -0.567838 -0.543563 -0.52065 -0.498644 -0.477132 -0.455769 -0.434282 -0.41247 -0.390181 -0.367304 -0.343753 -0.319456 -0.294344 -0.268355 -0.241418 -0.213465 -0.184421 -0.154216 -0.122786 -0.0900867 -0.0561104 -0.0209092 0.0153671 0.0524239 0.0897621 0.126615 0.161897 0.194188 0.221794 0.2429 0.255827 0.259322 0.252783 0.236348 0.210804 0.177561 0.138145 0.0942467 0.0476145 
-0.197377 -0.377175 -0.520454 -0.613611 -0.664571 -0.704925 -0.748648 -0.792571 -0.8315 -0.8621 -0.882842 -0.893427 -0.894314 -0.886393 -0.870771 -0.848669 -0.821358 -0.790177 -0.756445 -0.721474 -0.686525 -0.652609 -0.6204 -0.590246 -0.56216 -0.535902 -0.511096 -0.487321 -0.464171 -0.441296 -0.418408 -0.395281 -0.371744 -0.347671 -0.32296 -0.297533 -0.271323 -0.244269 -0.216311 -0.187394 -0.157465 -0.126478 -0.0944019 -0.0612333 -0.0270134 0.00814483 0.0440212 0.0802425 0.116231 0.151155 0.183898 0.213073 0.237106 0.254403 0.263578 0.263685 0.254381 0.235946 0.20919 0.175345 0.135935 0.0925154 0.0466746 
-0.198159 -0.378965 -0.523491 -0.617647 -0.668718 -0.708778 -0.752395 -0.796416 -0.835558 -0.866419 -0.887427 -0.898265 -0.89938 -0.891651 -0.87617 -0.854129 -0.826762 -0.795358 -0.76119 -0.725524 -0.689586 -0.654388 -0.620649 -0.588789 -0.558908 -0.530848 -0.504293 -0.478862 -0.45417 -0.429866 -0.405655 -0.381296 -0.356604 -0.331433 -0.305674 -0.279241 -0.252064 -0.224085 -0.195253 -0.165526 -0.134869 -0.103261 -0.070703 -0.0372301 -0.00293188 0.0320219 0.0673463 0.1026 0.137144 0.170103 0.200358 0.226586 0.247352 0.261279 0.267249 0.264582 0.253137 0.2333 0.205865 0.171853 0.132848 0.0902384 0.0454741 
-0.198951 -0.380782 -0.526589 -0.621794 -0.673019 -0.712813 -0.756354 -0.800498 -0.839867 -0.870989 -0.892256 -0.903335 -0.904671 -0.897137 -0.881817 -0.859885 -0.832547 -0.801041 -0.766599 -0.730442 -0.693751 -0.65753 -0.622522 -0.589205 -0.557753 -0.528082 -0.499939 -0.472987 -0.446866 -0.421235 -0.395797 -0.370302 -0.344552 -0.318391 -0.291698 -0.264381 -0.236367 -0.207601 -0.17804 -0.147651 -0.116418 -0.0843444 -0.0514606 -0.01784 0.0163827 0.050985 0.0856248 0.119805 0.152839 0.183833 0.21169 0.235168 0.252984 0.263971 0.267245 0.262346 0.249294 0.228549 0.200896 0.167259 0.128987 0.0874681 0.0440346 
-0.199751 -0.38262 -0.529737 -0.626038 -0.677451 -0.716994 -0.760474 -0.804753 -0.84435 -0.875725 -0.897239 -0.908545 -0.910089 -0.902749 -0.887607 -0.865822 -0.838576 -0.807066 -0.772488 -0.736013 -0.698778 -0.661764 -0.625731 -0.591193 -0.558389 -0.527303 -0.497742 -0.469416 -0.441994 -0.415152 -0.388593 -0.362067 -0.335366 -0.308324 -0.280813 -0.252734 -0.224013 -0.194596 -0.164444 -0.133537 -0.101876 -0.0694862 -0.0364264 -0.00280586 0.0311984 0.0653168 0.0991585 0.132182 0.163672 0.192734 0.218312 0.239262 0.254454 0.262914 0.263964 0.25732 0.243125 0.221894 0.194412 0.161596 0.124366 0.0842303 0.0423711 
-0.200555 -0.384474 -0.532927 -0.630369 -0.681995 -0.721292 -0.764717 -0.809131 -0.848954 -0.880572 -0.902316 -0.913833 -0.915574 -0.908424 -0.893467 -0.871856 -0.844753 -0.813316 -0.778713 -0.742067 -0.704465 -0.666863 -0.630022 -0.594484 -0.560539 -0.528231 -0.497426 -0.467879 -0.439292 -0.41136 -0.383796 -0.356348 -0.328806 -0.300996 -0.272784 -0.244065 -0.214764 -0.184826 -0.15422 -0.122937 -0.0909898 -0.0584263 -0.0253329 0.00814846 0.0418031 0.0753204 0.10827 0.140079 0.170018 0.197208 0.220654 0.239314 0.252209 0.25854 0.257803 0.249856 0.234928 0.213565 0.186542 0.154751 0.119116 0.0805808 0.0405036 
-0.201361 -0.386338 -0.536155 -0.634778 -0.686642 -0.72569 -0.769056 -0.813604 -0.853644 -0.885492 -0.90745 -0.919161 -0.921086 -0.914119 -0.899351 -0.877931 -0.851009 -0.819704 -0.785166 -0.748467 -0.710647 -0.672632 -0.635176 -0.598838 -0.563949 -0.530607 -0.498728 -0.468114 -0.438501 -0.409606 -0.381155 -0.352899 -0.324626 -0.296161 -0.267363 -0.238125 -0.208367 -0.178038 -0.14711 -0.115584 -0.0834876 -0.0508877 -0.0178955 0.0153177 0.0485038 0.0813186 0.113301 0.14386 0.172267 0.197673 0.219152 0.235773 0.246696 0.251278 0.249162 0.240313 0.225023 0.20385 0.177538 0.14694 0.112947 0.0764705 0.0384658 
-0.202167 -0.38821 -0.539416 -0.639261 -0.691382 -0.730174 -0.773475 -0.81815 -0.858397 -0.890464 -0.91262 -0.92451 -0.926603 -0.919808 -0.905227 -0.884008 -0.857289 -0.82617 -0.791764 -0.755105 -0.717188 -0.678907 -0.641004 -0.604045 -0.568394 -0.534192 -0.501404 -0.469874 -0.439373 -0.409641 -0.380421 -0.351471 -0.32258 -0.29357 -0.2643 -0.234657 -0.204563 -0.173965 -0.142842 -0.111202 -0.0790864 -0.0465792 -0.0138138 0.0190129 0.0516252 0.0836524 0.114614 0.143909 0.170825 0.194556 0.21425 0.229086 0.238354 0.24155 0.238431 0.22905 0.213738 0.193049 0.167697 0.138481 0.10624 0.0718235 0.0361007 
-0.202973 -0.390088 -0.542707 -0.643813 -0.696212 -0.734737 -0.777963 -0.822757 -0.863203 -0.895475 -0.917815 -0.929867 -0.932113 -0.92548 -0.911079 -0.890063 -0.863562 -0.832666 -0.79844 -0.761891 -0.723975 -0.68555 -0.647343 -0.609921 -0.57367 -0.53877 -0.505228 -0.472926 -0.44167 -0.411227 -0.381353 -0.351819 -0.322418 -0.292972 -0.263338 -0.233402 -0.203085 -0.172336 -0.141137 -0.109505 -0.0774925 -0.0451983 -0.012775 0.0195591 0.0515066 0.0826781 0.112582 0.140622 0.16611 0.188289 0.20639 0.219695 0.227615 0.22976 0.225985 0.216405 0.201376 0.181441 0.157275 0.129628 0.0992808 0.0670253 0.0336597 
-0.203776 -0.391969 -0.546026 -0.648435 -0.701128 -0.739375 -0.782514 -0.827418 -0.868054 -0.90052 -0.92303 -0.935229 -0.937614 -0.931129 -0.916898 -0.896082 -0.869806 -0.839147 -0.805135 -0.768751 -0.730913 -0.692446 -0.654056 -0.616302 -0.579597 -0.544146 -0.509992 -0.477054 -0.445171 -0.414134 -0.383719 -0.353708 -0.3239 -0.29412 -0.264224 -0.2341 -0.203667 -0.172877 -0.141714 -0.110203 -0.0784061 -0.0464348 -0.0144574 0.0172913 0.0484982 0.078763 0.107592 0.134404 0.15854 0.179305 0.196009 0.208032 0.214891 0.216294 0.212173 0.20269 0.18821 0.169259 0.146473 0.120549 0.0922115 0.0621894 0.0312105 
-0.204576 -0.393853 -0.549371 -0.653124 -0.706131 -0.744084 -0.787126 -0.832132 -0.872948 -0.905597 -0.928265 -0.940597 -0.943105 -0.936753 -0.922681 -0.902057 -0.876005 -0.845588 -0.811808 -0.775628 -0.737927 -0.699498 -0.661026 -0.623051 -0.586019 -0.550148 -0.515511 -0.482062 -0.449668 -0.418148 -0.387297 -0.356909 -0.326791 -0.296773 -0.266712 -0.236497 -0.206047 -0.175316 -0.144292 -0.113005 -0.0815253 -0.049975 -0.0185341 0.0125506 0.0429568 0.0722807 0.100035 0.12566 0.148537 0.168031 0.183531 0.194508 0.200572 0.201512 0.19732 0.188187 0.174481 0.156703 0.135449 0.111363 0.0851115 0.0573623 0.0287754 
-0.205373 -0.395738 -0.552741 -0.65788 -0.711221 -0.748866 -0.791797 -0.836897 -0.877887 -0.91071 -0.933523 -0.945973 -0.94859 -0.942356 -0.928428 -0.907982 -0.882146 -0.851971 -0.818428 -0.782477 -0.744954 -0.706622 -0.668145 -0.630061 -0.592807 -0.556626 -0.52162 -0.487771 -0.454974 -0.423073 -0.391882 -0.361209 -0.330871 -0.300702 -0.270564 -0.240345 -0.209968 -0.179386 -0.148594 -0.117622 -0.0865499 -0.055506 -0.0246785 0.00567879 0.0352401 0.063605 0.0903006 0.114794 0.136512 0.154881 0.169364 0.179517 0.185026 0.185748 0.181718 0.173148 0.160397 0.14394 0.12433 0.102159 0.0780375 0.052574 0.0263668 
-0.206166 -0.397622 -0.556134 -0.662704 -0.7164 -0.753722 -0.79653 -0.841716 -0.882872 -0.915861 -0.938809 -0.951365 -0.954074 -0.947941 -0.934139 -0.913857 -0.888223 -0.858281 -0.824984 -0.789272 -0.751952 -0.71376 -0.67534 -0.637227 -0.599841 -0.563448 -0.528172 -0.494021 -0.460918 -0.428728 -0.397284 -0.36641 -0.335931 -0.305691 -0.275553 -0.24541 -0.215184 -0.184833 -0.154351 -0.123775 -0.0931866 -0.0627202 -0.0325682 -0.0029866 0.0257013 0.0531043 0.0787698 0.102197 0.122862 0.140249 0.153894 0.163422 0.16859 0.169304 0.165633 0.157797 0.146143 0.131116 0.113225 0.0930135 0.0710374 0.0478505 0.0239954 
-0.206953 -0.399504 -0.559549 -0.667595 -0.72167 -0.758653 -0.801327 -0.846592 -0.887909 -0.921056 -0.944129 -0.956777 -0.959563 -0.953514 -0.93982 -0.919683 -0.894232 -0.864509 -0.831466 -0.795994 -0.758889 -0.720865 -0.682549 -0.644466 -0.607024 -0.5705 -0.535039 -0.500673 -0.467347 -0.434949 -0.403331 -0.372329 -0.341782 -0.311539 -0.28147 -0.25147 -0.221464 -0.191411 -0.161308 -0.131194 -0.101152 -0.0713204 -0.041891 -0.0131179 0.0146828 0.0411351 0.0658107 0.0882455 0.107963 0.124507 0.137476 0.146561 0.15157 0.152454 0.149301 0.142333 0.131881 0.118358 0.10223 0.0839931 0.0641545 0.0432168 0.0216724 
-0.207734 -0.401381 -0.56298 -0.672548 -0.727032 -0.763666 -0.806194 -0.851532 -0.893004 -0.926301 -0.949489 -0.962216 -0.965065 -0.959081 -0.945477 -0.925464 -0.900179 -0.87066 -0.837852 -0.802617 -0.765735 -0.727899 -0.689722 -0.651713 -0.614272 -0.577686 -0.542112 -0.507604 -0.474129 -0.441593 -0.409868 -0.378804 -0.34825 -0.318064 -0.288122 -0.258322 -0.228592 -0.198894 -0.169225 -0.139625 -0.110179 -0.0810238 -0.0523492 -0.0244027 0.00251135 0.0280359 0.0517711 0.0732911 0.0921674 0.107998 0.12044 0.129236 0.134243 0.13544 0.13293 0.126931 0.117752 0.105775 0.0914261 0.0751572 0.0574282 0.0386961 0.0194085 
-0.208507 -0.403249 -0.566419 -0.677545 -0.732495 -0.76877 -0.811142 -0.856544 -0.898164 -0.931606 -0.954897 -0.967691 -0.970586 -0.96465 -0.951115 -0.931206 -0.906066 -0.876732 -0.844139 -0.809129 -0.772469 -0.734834 -0.696816 -0.658915 -0.621522 -0.584926 -0.5493 -0.514712 -0.481149 -0.448537 -0.416761 -0.385689 -0.35518 -0.325101 -0.295333 -0.26578 -0.236372 -0.207072 -0.177879 -0.148833 -0.120017 -0.0915664 -0.0636642 -0.0365484 -0.010508 0.0141223 0.0369734 0.0576584 0.075795 0.0910321 0.103077 0.11172 0.116852 0.118477 0.116703 0.111741 0.103878 0.0934635 0.0808869 0.0665578 0.0508939 0.0343102 0.0172137 
-0.209275 -0.405113 -0.569855 -0.682491 -0.738104 -0.773994 -0.816187 -0.861641 -0.903401 -0.936976 -0.960362 -0.973209 -0.976134 -0.970228 -0.956742 -0.936916 -0.911898 -0.882727 -0.850328 -0.815526 -0.779082 -0.741649 -0.703804 -0.666034 -0.628722 -0.59216 -0.556529 -0.521912 -0.488312 -0.455672 -0.423894 -0.392859 -0.362437 -0.332504 -0.302948 -0.273678 -0.244625 -0.215756 -0.187069 -0.158603 -0.130439 -0.102706 -0.0755802 -0.0492865 -0.0240957 -0.0003176 0.0217105 0.0416403 0.0591334 0.0738848 0.0856464 0.0942472 0.0996079 0.101746 0.100775 0.0968908 0.0903612 0.0815045 0.0706734 0.0582398 0.0445823 0.030078 0.015097 
-0.210045 -0.406996 -0.57323 -0.687314 -0.743921 -0.779367 -0.821347 -0.866834 -0.908721 -0.942421 -0.965889 -0.978776 -0.981716 -0.975821 -0.962364 -0.942598 -0.91768 -0.888649 -0.856425 -0.821806 -0.78557 -0.748337 -0.710669 -0.673042 -0.635836 -0.599339 -0.56374 -0.529133 -0.495537 -0.46291 -0.431168 -0.400206 -0.369905 -0.340149 -0.310834 -0.281871 -0.253197 -0.224779 -0.196616 -0.168743 -0.141239 -0.114225 -0.0878676 -0.062376 -0.0380011 -0.0150267 0.00624221 0.0254949 0.0424339 0.0567957 0.068371 0.0770211 0.082689 0.0854032 0.085275 0.0824888 0.0772891 0.0699654 0.0608371 0.0502407 0.0385194 0.0260157 0.0130663 
-0.210814 -0.408886 -0.576547 -0.692045 -0.749928 -0.784884 -0.826623 -0.872126 -0.91413 -0.947944 -0.971484 -0.984399 -0.987338 -0.981437 -0.967988 -0.948259 -0.923416 -0.894497 -0.862421 -0.827996 -0.791945 -0.754896 -0.7174 -0.679922 -0.642836 -0.606426 -0.570886 -0.536321 -0.502761 -0.470178 -0.438503 -0.407641 -0.377486 -0.347929 -0.318873 -0.290234 -0.261953 -0.233997 -0.206363 -0.179086 -0.152239 -0.125933 -0.100324 -0.0756052 -0.0520051 -0.0297809 -0.00920594 0.00944473 0.0259114 0.0399678 0.0514379 0.0602096 0.0662433 0.0695744 0.0703102 0.0686213 0.0647306 0.0589002 0.0514187 0.0425904 0.0327259 0.0221362 0.0111276 
-0.211579 -0.410775 -0.57982 -0.696726 -0.756106 -0.790537 -0.832011 -0.877516 -0.919629 -0.95355 -0.977152 -0.990081 -0.993005 -0.987081 -0.973621 -0.953908 -0.929117 -0.900288 -0.868337 -0.834082 -0.7982 -0.761323 -0.723994 -0.686666 -0.649706 -0.613398 -0.577936 -0.543435 -0.509935 -0.47742 -0.445834 -0.415092 -0.385099 -0.355756 -0.32697 -0.298664 -0.27078 -0.243285 -0.216179 -0.189489 -0.163284 -0.137667 -0.112777 -0.088793 -0.0659205 -0.0443899 -0.0244439 -0.00632399 0.0097445 0.0235682 0.0349996 0.0439486 0.0503891 0.0543601 0.0559634 0.0553558 0.0527393 0.0483505 0.0424497 0.0353117 0.0272175 0.0184493 0.0092857 
-0.212336 -0.41266 -0.583069 -0.701391 -0.762446 -0.796316 -0.837506 -0.883002 -0.925217 -0.959239 -0.982895 -0.995829 -0.998723 -0.992759 -0.97927 -0.959554 -0.934793 -0.906033 -0.874189 -0.840063 -0.804334 -0.767619 -0.73045 -0.693272 -0.656439 -0.620238 -0.584867 -0.550444 -0.517021 -0.484591 -0.453108 -0.422501 -0.392682 -0.363559 -0.335048 -0.307074 -0.279583 -0.252544 -0.225951 -0.199833 -0.174247 -0.149288 -0.125083 -0.101789 -0.0795925 -0.0586971 -0.0393162 -0.0216603 -0.00592358 0.00772948 0.019176 0.0283438 0.0352169 0.0398362 0.0422968 0.0427418 0.0413537 0.0383456 0.0339519 0.0284203 0.022005 0.0149616 0.00754366 
-0.213086 -0.41454 -0.586307 -0.706064 -0.768942 -0.802214 -0.843104 -0.888583 -0.930895 -0.965013 -0.988716 -1.00164 -1.0045 -0.998479 -0.984942 -0.965202 -0.940452 -0.91174 -0.879977 -0.845959 -0.810359 -0.773788 -0.736766 -0.699728 -0.663023 -0.626935 -0.591662 -0.557329 -0.523993 -0.491659 -0.46029 -0.429824 -0.400183 -0.371283 -0.343043 -0.315396 -0.288288 -0.261689 -0.235593 -0.21002 -0.185024 -0.160688 -0.137124 -0.114472 -0.0928976 -0.0725783 -0.0537007 -0.0364467 -0.0209826 -0.00744744 0.00405676 0.0134728 0.0207922 0.0260563 0.0293531 0.0308125 0.0305991 0.0289042 0.0259386 0.0219255 0.0170943 0.0116768 0.00590321 
-0.213828 -0.416416 -0.589547 -0.710761 -0.775594 -0.808229 -0.848802 -0.894256 -0.936664 -0.970875 -0.99462 -1.00753 -1.01033 -1.00424 -0.990644 -0.970862 -0.946101 -0.917414 -0.885712 -0.85178 -0.816284 -0.779839 -0.74295 -0.706043 -0.669463 -0.633487 -0.598315 -0.564076 -0.530834 -0.498602 -0.467352 -0.43703 -0.407567 -0.378885 -0.350911 -0.323579 -0.296839 -0.27066 -0.245033 -0.219977 -0.195535 -0.17178 -0.14881 -0.12675 -0.105741 -0.0859394 -0.0675059 -0.0505965 -0.0353525 -0.021891 -0.0102959 -0.000612201 0.00715753 0.0130537 0.0171576 0.0195865 0.0204883 0.0200348 0.0184152 0.0158303 0.0124873 0.00859574 0.00436466 
-0.214562 -0.418287 -0.592795 -0.715493 -0.782403 -0.814358 -0.854601 -0.900024 -0.942526 -0.976828 -1.00061 -1.0135 -1.01624 -1.01006 -0.996384 -0.976541 -0.951749 -0.923066 -0.891403 -0.857539 -0.822118 -0.785784 -0.749015 -0.712229 -0.675765 -0.639897 -0.604826 -0.570682 -0.537535 -0.505406 -0.474276 -0.444097 -0.414807 -0.386337 -0.358616 -0.331584 -0.305191 -0.279408 -0.254222 -0.229647 -0.205719 -0.182501 -0.160077 -0.138554 -0.118055 -0.0987138 -0.0806681 -0.0640506 -0.0489805 -0.0355554 -0.023844 -0.013881 -0.00566457 0.000844433 0.00572035 0.00906911 0.0110234 0.0117371 0.01138 0.0101326 0.00818161 0.00571666 0.00292711 
-0.215287 -0.420153 -0.596056 -0.720263 -0.789372 -0.820603 -0.860504 -0.905891 -0.948486 -0.982878 -1.00669 -1.01956 -1.02221 -1.01595 -1.00217 -0.982246 -0.957403 -0.928701 -0.897051 -0.863231 -0.827896 -0.791649 -0.75498 -0.718298 -0.681939 -0.646172 -0.611196 -0.577145 -0.544093 -0.512066 -0.481052 -0.451012 -0.421889 -0.393618 -0.366137 -0.339385 -0.313317 -0.287901 -0.263123 -0.238992 -0.215536 -0.192808 -0.170878 -0.149839 -0.129795 -0.110859 -0.0931481 -0.0767744 -0.0618373 -0.0484174 -0.0365705 -0.0263227 -0.0176687 -0.010571 -0.00496166 -0.000745272 0.00219707 0.00400321 0.00482527 0.00482538 0.0041718 0.00303571 0.00158857 
-0.216002 -0.422014 -0.59933 -0.725073 -0.796495 -0.826966 -0.866517 -0.911865 -0.954555 -0.989036 -1.01288 -1.0257 -1.02827 -1.0219 -1.00801 -0.987988 -0.963075 -0.934334 -0.902679 -0.868886 -0.833613 -0.797439 -0.760853 -0.724261 -0.687995 -0.65232 -0.617434 -0.583471 -0.55051 -0.518581 -0.487678 -0.457769 -0.428802 -0.400719 -0.37346 -0.346968 -0.321199 -0.29612 -0.271715 -0.247988 -0.22496 -0.202674 -0.181188 -0.16058 -0.140936 -0.122353 -0.104928 -0.0887535 -0.0739133 -0.0604727 -0.048476 -0.0379425 -0.0288639 -0.0212046 -0.0149025 -0.00987176 -0.00600582 -0.00318131 -0.00126196 -0.000102218 0.000449321 0.000547089 0.000346111 
-0.216708 -0.42387 -0.602621 -0.729917 -0.803742 -0.833458 -0.872662 -0.917967 -0.960747 -0.995313 -1.01918 -1.03195 -1.03443 -1.02792 -1.01391 -0.993776 -0.968775 -0.939979 -0.9083 -0.874517 -0.839282 -0.803164 -0.766645 -0.73013 -0.693946 -0.658353 -0.623548 -0.589667 -0.556791 -0.524954 -0.494155 -0.464368 -0.435546 -0.407635 -0.380579 -0.354325 -0.328828 -0.304054 -0.279987 -0.256624 -0.23398 -0.212088 -0.190996 -0.170766 -0.151471 -0.133191 -0.116005 -0.0999909 -0.0852156 -0.0717323 -0.0595756 -0.0487586 -0.0392709 -0.0310787 -0.0241252 -0.0183331 -0.0136069 -0.00983615 -0.00689885 -0.00466442 -0.00299671 -0.00175655 -0.000803949 
-0.217407 -0.425724 -0.605938 -0.734817 -0.810939 -0.84017 -0.878992 -0.924227 -0.967085 -1.00172 -1.0256 -1.03832 -1.04068 -1.03404 -1.01988 -0.999618 -0.974514 -0.945646 -0.913927 -0.880135 -0.844917 -0.808834 -0.772368 -0.735917 -0.699802 -0.664281 -0.629549 -0.595743 -0.562944 -0.531191 -0.500488 -0.470812 -0.442122 -0.414368 -0.387496 -0.361455 -0.336202 -0.311703 -0.287937 -0.264898 -0.242594 -0.221049 -0.200302 -0.180401 -0.161407 -0.143382 -0.126394 -0.110503 -0.0957643 -0.0822198 -0.0698957 -0.0587997 -0.0489199 -0.0402239 -0.0326599 -0.026158 -0.0206328 -0.0159852 -0.012106 -0.00887806 -0.0061791 -0.0038838 -0.00186591 
-0.218098 -0.427581 -0.609293 -0.739805 -0.81788 -0.847219 -0.88556 -0.930675 -0.973587 -1.00828 -1.03216 -1.0448 -1.04704 -1.04024 -1.02593 -1.00552 -0.980301 -0.951343 -0.919569 -0.88575 -0.850531 -0.814463 -0.778035 -0.741634 -0.705576 -0.670117 -0.63545 -0.601709 -0.568979 -0.537302 -0.506685 -0.477109 -0.448537 -0.420922 -0.394214 -0.368364 -0.343328 -0.319071 -0.295571 -0.272816 -0.250809 -0.229567 -0.209118 -0.189499 -0.170759 -0.152947 -0.136116 -0.120316 -0.105589 -0.091968 -0.0794711 -0.0681022 -0.0578476 -0.0486767 -0.0405418 -0.0333798 -0.0271139 -0.0216554 -0.0169064 -0.0127619 -0.00911206 -0.00584419 -0.00284454 
-0.218782 -0.429438 -0.612681 -0.744858 -0.824645 -0.854569 -0.892359 -0.937315 -0.980257 -1.015 -1.03885 -1.05141 -1.05351 -1.04655 -1.03206 -1.0115 -0.986142 -0.95708 -0.925233 -0.891373 -0.856138 -0.820062 -0.783658 -0.747296 -0.711283 -0.675876 -0.641263 -0.607579 -0.574909 -0.543298 -0.512757 -0.483268 -0.4548 -0.427308 -0.400744 -0.37506 -0.350213 -0.326168 -0.302899 -0.280391 -0.258641 -0.237659 -0.217463 -0.198083 -0.179553 -0.161913 -0.145205 -0.129466 -0.114728 -0.101016 -0.0883431 -0.0767079 -0.066096 -0.0564779 -0.0478099 -0.0400348 -0.0330832 -0.0268758 -0.0213248 -0.016336 -0.0118108 -0.00764789 -0.00374491 
-0.219457 -0.431292 -0.616096 -0.749968 -0.831331 -0.862188 -0.899365 -0.944133 -0.987092 -1.02186 -1.04569 -1.05815 -1.0601 -1.05296 -1.03829 -1.01755 -0.992044 -0.962861 -0.930925 -0.897005 -0.861737 -0.825655 -0.78926 -0.752921 -0.716939 -0.681571 -0.647002 -0.613364 -0.580745 -0.549191 -0.518713 -0.4893 -0.460921 -0.433535 -0.407095 -0.381555 -0.356871 -0.333008 -0.309937 -0.287639 -0.266108 -0.245345 -0.225361 -0.206177 -0.187819 -0.170315 -0.153696 -0.137991 -0.123223 -0.109409 -0.0965569 -0.0846625 -0.07371 -0.0636713 -0.0545057 -0.0461612 -0.0385755 -0.0316771 -0.0253872 -0.0196214 -0.0142912 -0.00930546 -0.00457229 
-0.220121 -0.433141 -0.619535 -0.755134 -0.838008 -0.87006 -0.906557 -0.951118 -0.994084 -1.02888 -1.05267 -1.06502 -1.06681 -1.05948 -1.04461 -1.02369 -0.998014 -0.968695 -0.936653 -0.902658 -0.867344 -0.831252 -0.794852 -0.75852 -0.72256 -0.687218 -0.65268 -0.619079 -0.586501 -0.554992 -0.524568 -0.495217 -0.466913 -0.439616 -0.413281 -0.387862 -0.363316 -0.339606 -0.316702 -0.294581 -0.273232 -0.25265 -0.232841 -0.213815 -0.195591 -0.178189 -0.16163 -0.145935 -0.131119 -0.117193 -0.10416 -0.0920134 -0.0807363 -0.0703015 -0.0606713 -0.0517983 -0.043626 -0.0360901 -0.0291198 -0.0226393 -0.0165692 -0.0108276 -0.00533203 
-0.220774 -0.434982 -0.622997 -0.760362 -0.844725 -0.87818 -0.913921 -0.958257 -1.00123 -1.03604 -1.05979 -1.07203 -1.07364 -1.06611 -1.05103 -1.02991 -1.00406 -0.974592 -0.942432 -0.90835 -0.872979 -0.836857 -0.800441 -0.764105 -0.728154 -0.692828 -0.658311 -0.624736 -0.592187 -0.560714 -0.530332 -0.501032 -0.472788 -0.445564 -0.419315 -0.393996 -0.369564 -0.345981 -0.323214 -0.301238 -0.280037 -0.259602 -0.239931 -0.221029 -0.202906 -0.185575 -0.169049 -0.153342 -0.138462 -0.124416 -0.111201 -0.0988087 -0.0872217 -0.0764137 -0.0663494 -0.0569853 -0.0482701 -0.0401458 -0.0325488 -0.0254109 -0.0186608 -0.0122251 -0.00602948 
-0.221414 -0.436814 -0.626482 -0.765655 -0.851514 -0.88655 -0.921445 -0.965544 -1.00851 -1.04334 -1.06705 -1.07917 -1.0806 -1.07285 -1.05755 -1.03622 -1.01019 -0.980563 -0.948273 -0.914094 -0.878652 -0.842483 -0.806037 -0.769686 -0.733732 -0.698411 -0.663906 -0.630346 -0.597818 -0.56637 -0.536019 -0.506757 -0.478561 -0.451393 -0.425212 -0.399973 -0.375632 -0.35215 -0.329493 -0.307632 -0.286548 -0.266228 -0.246663 -0.227853 -0.209801 -0.192513 -0.175996 -0.160257 -0.1453 -0.131125 -0.117727 -0.105096 -0.0932128 -0.0820525 -0.0715818 -0.0617607 -0.0525425 -0.0438747 -0.0357 -0.0279571 -0.0205819 -0.0135083 -0.00666986 
-0.222042 -0.438638 -0.629991 -0.771018 -0.858395 -0.895178 -0.929126 -0.972975 -1.01594 -1.05079 -1.07445 -1.08644 -1.08769 -1.07972 -1.06419 -1.04264 -1.01641 -0.986616 -0.954188 -0.919899 -0.884373 -0.848142 -0.811649 -0.775272 -0.739305 -0.70398 -0.669476 -0.635923 -0.603406 -0.571973 -0.541641 -0.512406 -0.484242 -0.457117 -0.430987 -0.405808 -0.381537 -0.358133 -0.33556 -0.313788 -0.292792 -0.272556 -0.253068 -0.234321 -0.216313 -0.199043 -0.182513 -0.166725 -0.151677 -0.137367 -0.123786 -0.110921 -0.0987547 -0.0872609 -0.0764089 -0.0661618 -0.0564768 -0.0473063 -0.0385984 -0.0302981 -0.0223476 -0.0146876 -0.00725826 
-0.222656 -0.440452 -0.633523 -0.776454 -0.865382 -0.904074 -0.93696 -0.98055 -1.02352 -1.05838 -1.08199 -1.09385 -1.0949 -1.08671 -1.07094 -1.04916 -1.02273 -0.992756 -0.960186 -0.925772 -0.89015 -0.853843 -0.817287 -0.780872 -0.744883 -0.709544 -0.675034 -0.641478 -0.608962 -0.577534 -0.547211 -0.51799 -0.489848 -0.462749 -0.436654 -0.411518 -0.387297 -0.363949 -0.341436 -0.319727 -0.298794 -0.278616 -0.259178 -0.240467 -0.222477 -0.205203 -0.188641 -0.172788 -0.157639 -0.143187 -0.129422 -0.11633 -0.10389 -0.0920803 -0.0808697 -0.0702244 -0.0601052 -0.0504686 -0.0412679 -0.0324532 -0.0239725 -0.0157725 -0.00779954 
-0.223256 -0.442255 -0.637079 -0.781967 -0.872483 -0.91325 -0.944946 -0.98827 -1.03124 -1.06612 -1.08968 -1.1014 -1.10226 -1.09383 -1.07781 -1.0558 -1.02914 -0.998981 -0.966249 -0.931708 -0.895984 -0.859596 -0.822961 -0.786501 -0.75048 -0.715119 -0.680591 -0.647023 -0.614498 -0.583065 -0.552742 -0.523524 -0.495389 -0.468305 -0.442229 -0.417119 -0.392929 -0.369616 -0.347143 -0.325473 -0.304579 -0.284434 -0.265021 -0.246324 -0.22833 -0.211031 -0.19442 -0.178488 -0.163227 -0.148628 -0.134679 -0.121363 -0.108661 -0.0965499 -0.085001 -0.0739824 -0.0634582 -0.0533886 -0.0437311 -0.0344407 -0.0254705 -0.0167725 -0.00829834 
-0.223842 -0.444046 -0.640658 -0.787557 -0.879703 -0.922722 -0.953084 -0.99614 -1.03911 -1.07401 -1.09752 -1.10911 -1.10976 -1.10108 -1.08481 -1.06255 -1.03566 -1.0053 -0.9724 -0.937717 -0.901876 -0.865394 -0.828701 -0.792181 -0.756112 -0.720716 -0.686161 -0.65257 -0.620027 -0.588579 -0.558245 -0.529019 -0.500881 -0.473797 -0.447726 -0.422625 -0.398449 -0.375154 -0.352699 -0.331048 -0.31017 -0.290038 -0.270628 -0.251921 -0.233904 -0.216562 -0.199885 -0.183862 -0.168481 -0.15373 -0.139596 -0.126061 -0.113105 -0.100706 -0.0888373 -0.0774677 -0.0665645 -0.0560913 -0.0460094 -0.0362779 -0.0268546 -0.0176961 -0.00875899 
-0.224412 -0.445823 -0.644257 -0.793225 -0.887046 -0.932504 -0.961375 -1.00417 -1.04714 -1.08207 -1.10552 -1.11698 -1.11742 -1.10849 -1.09195 -1.06943 -1.04231 -1.01174 -0.978653 -0.943818 -0.907851 -0.871268 -0.834501 -0.797913 -0.761788 -0.726346 -0.691753 -0.658131 -0.62556 -0.594088 -0.563732 -0.534488 -0.506334 -0.479238 -0.45316 -0.428054 -0.403875 -0.380579 -0.358125 -0.336474 -0.315592 -0.295451 -0.276024 -0.25729 -0.239231 -0.22183 -0.205073 -0.188947 -0.173438 -0.158531 -0.144211 -0.13046 -0.117259 -0.104584 -0.0924107 -0.0807098 -0.0694508 -0.0586002 -0.0481226 -0.037981 -0.028137 -0.0185516 -0.00918559 
-0.224966 -0.447585 -0.647876 -0.79897 -0.894508 -0.94261 -0.96982 -1.01236 -1.05535 -1.09031 -1.11371 -1.12502 -1.12524 -1.11606 -1.09924 -1.07645 -1.04908 -1.01829 -0.98502 -0.950025 -0.913923 -0.877229 -0.840372 -0.803707 -0.767517 -0.732019 -0.697379 -0.663716 -0.631109 -0.599603 -0.569216 -0.539943 -0.511763 -0.484644 -0.458544 -0.433418 -0.409222 -0.38591 -0.363439 -0.34177 -0.320867 -0.300699 -0.281237 -0.262458 -0.244341 -0.226866 -0.210017 -0.193777 -0.178132 -0.163065 -0.148559 -0.134596 -0.121156 -0.108216 -0.0957514 -0.0837364 -0.0721419 -0.060937 -0.0500893 -0.0395649 -0.0293291 -0.0193466 -0.0095819 
-0.225503 -0.44933 -0.651512 -0.804791 -0.902083 -0.953039 -0.978423 -1.02075 -1.06376 -1.09875 -1.1221 -1.13326 -1.13326 -1.1238 -1.1067 -1.08362 -1.05599 -1.02498 -0.991513 -0.95635 -0.920102 -0.883286 -0.846325 -0.809571 -0.773307 -0.737745 -0.703049 -0.669336 -0.636684 -0.605136 -0.574708 -0.545397 -0.517181 -0.490026 -0.463892 -0.438735 -0.414507 -0.391164 -0.368661 -0.346957 -0.326016 -0.305804 -0.286292 -0.267452 -0.249261 -0.231699 -0.214746 -0.198384 -0.182597 -0.167365 -0.152673 -0.138499 -0.124826 -0.111629 -0.0988867 -0.0865729 -0.0746608 -0.063122 -0.0519265 -0.0410435 -0.0304414 -0.020088 -0.00995142 
-0.226021 -0.451054 -0.655165 -0.810688 -0.90976 -0.963727 -0.987219 -1.02939 -1.07242 -1.10743 -1.13072 -1.14172 -1.14147 -1.13173 -1.11433 -1.09096 -1.06306 -1.03181 -0.998143 -0.962801 -0.926398 -0.889448 -0.852371 -0.815511 -0.779162 -0.74353 -0.708772 -0.675003 -0.642297 -0.610698 -0.580221 -0.550862 -0.522599 -0.495398 -0.469219 -0.444017 -0.419745 -0.396357 -0.373807 -0.352054 -0.33106 -0.310789 -0.29121 -0.272295 -0.254018 -0.236357 -0.21929 -0.202797 -0.186861 -0.171462 -0.156581 -0.1422 -0.128297 -0.114852 -0.101842 -0.0892425 -0.0770285 -0.0651735 -0.0536499 -0.0424295 -0.0314833 -0.0207823 -0.0102974 
-0.226524 -0.452749 -0.658843 -0.816683 -0.917597 -0.974242 -0.99647 -1.03841 -1.0814 -1.1164 -1.13961 -1.15042 -1.14992 -1.13987 -1.12215 -1.09847 -1.07028 -1.03878 -1.00492 -0.969385 -0.932812 -0.895719 -0.85852 -0.821533 -0.785096 -0.749388 -0.714561 -0.680727 -0.647959 -0.616301 -0.585766 -0.55635 -0.52803 -0.500773 -0.474538 -0.44928 -0.424951 -0.401505 -0.378895 -0.357079 -0.336018 -0.315674 -0.296016 -0.277012 -0.258637 -0.240865 -0.223674 -0.207043 -0.190952 -0.175382 -0.160312 -0.145724 -0.131597 -0.11791 -0.104641 -0.0917667 -0.0792642 -0.0671084 -0.0552738 -0.0437344 -0.0324638 -0.0214353 -0.0106227 
-0.227012 -0.454409 -0.66255 -0.822785 -0.925608 -0.984418 -1.00629 -1.04789 -1.09076 -1.12569 -1.14878 -1.15938 -1.1586 -1.14823 -1.13018 -1.10618 -1.07768 -1.0459 -1.01185 -0.976097 -0.939339 -0.90209 -0.864757 -0.827672 -0.791133 -0.755336 -0.720429 -0.686521 -0.653684 -0.621957 -0.591356 -0.561874 -0.533488 -0.506165 -0.479864 -0.454538 -0.430141 -0.406624 -0.383942 -0.36205 -0.340909 -0.320479 -0.300728 -0.281624 -0.263139 -0.245247 -0.227923 -0.211147 -0.194896 -0.179151 -0.163891 -0.149097 -0.134748 -0.120824 -0.107304 -0.0941649 -0.0813856 -0.0689423 -0.0568115 -0.0449691 -0.0333908 -0.0220525 -0.0109301 
-0.227483 -0.456035 -0.66628 -0.828984 -0.933763 -0.994413 -1.01662 -1.0578 -1.10048 -1.13531 -1.15824 -1.16861 -1.16752 -1.15682 -1.13842 -1.11409 -1.08528 -1.05322 -1.01888 -0.982919 -0.945983 -0.908579 -0.871114 -0.833921 -0.797277 -0.761383 -0.726388 -0.692397 -0.659482 -0.627679 -0.597003 -0.567446 -0.538985 -0.511586 -0.485208 -0.459805 -0.435328 -0.41173 -0.388963 -0.366984 -0.34575 -0.325223 -0.305368 -0.286153 -0.267547 -0.249525 -0.232061 -0.215132 -0.198716 -0.182792 -0.16734 -0.15234 -0.137772 -0.123616 -0.10985 -0.0964551 -0.0834086 -0.0706892 -0.0582747 -0.0461431 -0.0342718 -0.0226388 -0.011222 
-0.227935 -0.457628 -0.670027 -0.835272 -0.942057 -1.00438 -1.02742 -1.06811 -1.11055 -1.14524 -1.16799 -1.1781 -1.1767 -1.16564 -1.14688 -1.1222 -1.09308 -1.06072 -1.02608 -0.989899 -0.952776 -0.915211 -0.877608 -0.840295 -0.803538 -0.767539 -0.732448 -0.698367 -0.665365 -0.633479 -0.602719 -0.573078 -0.544534 -0.51705 -0.490586 -0.465095 -0.440528 -0.416837 -0.393975 -0.371897 -0.350559 -0.329924 -0.309954 -0.290617 -0.271881 -0.25372 -0.236107 -0.219019 -0.202433 -0.186327 -0.170681 -0.155476 -0.14069 -0.126304 -0.112299 -0.0986535 -0.085348 -0.0723619 -0.0596745 -0.0472652 -0.0351134 -0.0231986 -0.0115007 
-0.228366 -0.459189 -0.673784 -0.841648 -0.950498 -1.01443 -1.03866 -1.07878 -1.12094 -1.15547 -1.17803 -1.18787 -1.18613 -1.1747 -1.15557 -1.13052 -1.10106 -1.0684 -1.03348 -0.997063 -0.959741 -0.922006 -0.884254 -0.846808 -0.809927 -0.773815 -0.73862 -0.704442 -0.671347 -0.639368 -0.608517 -0.578785 -0.550148 -0.522571 -0.496011 -0.470422 -0.445755 -0.421962 -0.398993 -0.376805 -0.355353 -0.334599 -0.314503 -0.295034 -0.27616 -0.257851 -0.240082 -0.222828 -0.206067 -0.189775 -0.173934 -0.158521 -0.143519 -0.128906 -0.114665 -0.100775 -0.0872169 -0.073972 -0.0610207 -0.0483436 -0.0359216 -0.023736 -0.0117681 
-0.228777 -0.460717 -0.677551 -0.848112 -0.959096 -1.02463 -1.05036 -1.08977 -1.13162 -1.16599 -1.18835 -1.1979 -1.1958 -1.18399 -1.16447 -1.13906 -1.10925 -1.07627 -1.04108 -1.00442 -0.96689 -0.928976 -0.891068 -0.853479 -0.816454 -0.78022 -0.744916 -0.710636 -0.677439 -0.645362 -0.614412 -0.58458 -0.555841 -0.528161 -0.501496 -0.4758 -0.451024 -0.427117 -0.404033 -0.381724 -0.360148 -0.339264 -0.319034 -0.299423 -0.2804 -0.261936 -0.244004 -0.226579 -0.209636 -0.193155 -0.177115 -0.161495 -0.146275 -0.131438 -0.116963 -0.102832 -0.0890275 -0.0755302 -0.0623222 -0.0493854 -0.036702 -0.0242546 -0.0120261 
-0.229166 -0.462213 -0.681323 -0.854665 -0.967863 -1.03502 -1.06252 -1.10109 -1.14259 -1.17679 -1.19893 -1.20819 -1.20573 -1.19353 -1.17361 -1.14781 -1.11766 -1.08436 -1.04888 -1.01198 -0.974232 -0.93613 -0.898057 -0.860317 -0.823134 -0.786775 -0.751355 -0.716963 -0.683658 -0.651472 -0.620415 -0.590475 -0.561627 -0.533835 -0.507057 -0.481244 -0.456348 -0.432319 -0.409109 -0.38667 -0.364959 -0.343936 -0.323561 -0.3038 -0.28462 -0.265993 -0.24789 -0.230286 -0.213158 -0.196484 -0.180242 -0.164412 -0.148975 -0.133913 -0.119206 -0.104838 -0.0907907 -0.077046 -0.0635871 -0.0503972 -0.0374595 -0.0247578 -0.0122764 
-0.229533 -0.463675 -0.6851 -0.861309 -0.976809 -1.04564 -1.07517 -1.11271 -1.15384 -1.18786 -1.20979 -1.21874 -1.21592 -1.20331 -1.18299 -1.1568 -1.12629 -1.09266 -1.0569 -1.01974 -0.981774 -0.943473 -0.905219 -0.867315 -0.830004 -0.793507 -0.757956 -0.72344 -0.690017 -0.657715 -0.626542 -0.596485 -0.567519 -0.539607 -0.512706 -0.486768 -0.461743 -0.437582 -0.414235 -0.391657 -0.369802 -0.348629 -0.3281 -0.30818 -0.288835 -0.270037 -0.251756 -0.233968 -0.216648 -0.199776 -0.183328 -0.167287 -0.151631 -0.136344 -0.121408 -0.106804 -0.0925163 -0.078528 -0.0648229 -0.0513849 -0.0381985 -0.0252486 -0.0125205 
-0.229877 -0.465103 -0.688878 -0.868045 -0.985941 -1.05651 -1.08835 -1.12463 -1.16537 -1.19921 -1.22092 -1.22957 -1.22637 -1.21335 -1.19262 -1.16604 -1.13516 -1.10121 -1.06516 -1.02774 -0.989535 -0.951024 -0.912583 -0.874513 -0.837057 -0.800417 -0.764727 -0.73008 -0.69653 -0.664104 -0.632807 -0.602626 -0.573533 -0.545492 -0.518459 -0.492386 -0.467223 -0.44292 -0.419428 -0.3967 -0.374691 -0.35336 -0.332667 -0.312579 -0.29306 -0.274082 -0.255617 -0.237638 -0.220121 -0.203045 -0.186389 -0.170133 -0.154257 -0.138744 -0.123577 -0.108739 -0.0942133 -0.0799841 -0.066036 -0.0523539 -0.0389231 -0.0257296 -0.0127596 
-0.230199 -0.466496 -0.692654 -0.874873 -0.995266 -1.06764 -1.10209 -1.13685 -1.17719 -1.21086 -1.23235 -1.24069 -1.2371 -1.22366 -1.20251 -1.17554 -1.1443 -1.11003 -1.07367 -1.03598 -0.99753 -0.958803 -0.920169 -0.881925 -0.84431 -0.807515 -0.77168 -0.736895 -0.703211 -0.670653 -0.639225 -0.60891 -0.579683 -0.551504 -0.52433 -0.498113 -0.472803 -0.448348 -0.4247 -0.401813 -0.37964 -0.358141 -0.337276 -0.31701 -0.297309 -0.278144 -0.259486 -0.241309 -0.22359 -0.206306 -0.189436 -0.172962 -0.156863 -0.141124 -0.125726 -0.110653 -0.0958898 -0.0814213 -0.0672324 -0.0533089 -0.039637 -0.0262033 -0.0129951 
-0.230496 -0.46785 -0.696426 -0.881793 -1.00479 -1.07904 -1.11644 -1.14936 -1.1893 -1.22281 -1.24409 -1.25211 -1.24813 -1.23426 -1.21268 -1.1853 -1.1537 -1.11909 -1.08243 -1.04446 -1.00577 -0.966823 -0.927992 -0.889568 -0.851783 -0.814815 -0.778829 -0.7439 -0.710076 -0.677379 -0.645811 -0.615355 -0.585984 -0.557659 -0.530335 -0.503964 -0.478496 -0.45388 -0.430068 -0.40701 -0.384664 -0.362987 -0.341941 -0.321488 -0.301596 -0.282235 -0.263377 -0.244996 -0.227067 -0.209569 -0.192482 -0.175785 -0.159461 -0.143492 -0.127861 -0.112553 -0.0975531 -0.0828459 -0.0684175 -0.0542543 -0.0403433 -0.0266719 -0.0132279 
-0.23077 -0.469164 -0.700188 -0.888802 -1.01451 -1.0907 -1.13144 -1.16217 -1.20174 -1.23511 -1.25618 -1.26388 -1.2595 -1.24518 -1.22315 -1.19535 -1.16337 -1.12843 -1.09146 -1.05321 -1.01427 -0.975099 -0.936064 -0.897457 -0.859499 -0.82234 -0.786195 -0.751116 -0.717144 -0.684299 -0.652582 -0.621977 -0.592453 -0.563972 -0.536488 -0.509954 -0.484319 -0.459532 -0.435543 -0.412307 -0.389777 -0.367912 -0.346674 -0.326025 -0.305934 -0.286369 -0.267302 -0.248709 -0.230564 -0.212847 -0.195536 -0.178613 -0.162059 -0.145857 -0.129992 -0.114448 -0.0992096 -0.0842635 -0.0695959 -0.0551939 -0.0410449 -0.0271371 -0.0134591 
-0.23102 -0.470436 -0.703937 -0.895898 -1.02444 -1.10262 -1.14711 -1.17528 -1.21456 -1.24782 -1.26867 -1.27603 -1.27123 -1.25645 -1.23396 -1.20572 -1.17334 -1.13807 -1.10079 -1.06226 -1.02305 -0.983641 -0.944392 -0.905586 -0.867443 -0.83013 -0.793813 -0.758567 -0.724434 -0.691431 -0.659557 -0.628792 -0.599105 -0.570459 -0.542806 -0.516099 -0.490286 -0.465317 -0.441142 -0.417716 -0.394992 -0.372929 -0.351488 -0.330634 -0.310333 -0.290555 -0.271272 -0.252459 -0.234091 -0.216148 -0.198608 -0.181453 -0.164665 -0.148228 -0.132126 -0.116343 -0.100865 -0.0856791 -0.0707719 -0.056131 -0.0417444 -0.0276008 -0.0136894 
-0.231245 -0.471665 -0.70767 -0.903084 -1.03458 -1.11478 -1.16333 -1.18876 -1.2279 -1.26103 -1.28165 -1.28864 -1.28338 -1.26812 -1.24513 -1.21643 -1.18365 -1.14805 -1.11045 -1.0716 -1.03213 -0.992471 -0.953001 -0.913993 -0.875663 -0.83818 -0.801685 -0.766265 -0.731962 -0.698793 -0.666751 -0.635818 -0.605959 -0.577137 -0.549305 -0.522413 -0.496412 -0.47125 -0.446879 -0.423251 -0.400322 -0.37805 -0.356397 -0.335327 -0.314807 -0.294806 -0.275298 -0.256256 -0.237658 -0.219482 -0.201707 -0.184315 -0.167288 -0.150611 -0.134268 -0.118244 -0.102524 -0.0870971 -0.0719491 -0.0570685 -0.0424439 -0.0280644 -0.0139197 
-0.231448 -0.472851 -0.711389 -0.910371 -1.04497 -1.12731 -1.17915 -1.20324 -1.24205 -1.27492 -1.2952 -1.30176 -1.296 -1.28021 -1.25671 -1.22752 -1.19429 -1.1584 -1.12043 -1.08127 -1.04151 -1.00161 -0.961916 -0.922703 -0.884182 -0.846515 -0.809828 -0.774226 -0.739747 -0.706403 -0.674185 -0.643073 -0.613033 -0.584024 -0.556001 -0.528914 -0.502712 -0.477346 -0.452766 -0.428925 -0.40578 -0.383288 -0.361411 -0.340114 -0.319364 -0.299131 -0.279388 -0.26011 -0.241273 -0.222856 -0.204839 -0.187204 -0.169934 -0.153012 -0.136424 -0.120155 -0.104192 -0.088521 -0.0731305 -0.0580089 -0.0431453 -0.0285291 -0.0141504 
-0.231627 -0.473992 -0.715088 -0.917757 -1.05561 -1.14018 -1.19465 -1.21873 -1.25709 -1.28955 -1.30939 -1.31544 -1.30913 -1.29278 -1.26874 -1.23905 -1.20538 -1.16902 -1.13071 -1.09124 -1.05122 -1.01107 -0.971159 -0.931741 -0.893025 -0.855166 -0.81826 -0.782472 -0.747811 -0.714283 -0.68188 -0.650578 -0.620344 -0.591137 -0.562911 -0.535616 -0.509203 -0.483619 -0.458818 -0.434752 -0.411378 -0.388653 -0.366541 -0.345006 -0.324015 -0.30354 -0.283552 -0.264028 -0.244944 -0.226278 -0.208012 -0.190128 -0.172607 -0.155436 -0.138599 -0.122082 -0.105871 -0.0899536 -0.0743184 -0.0589541 -0.0438499 -0.0289958 -0.0143822 
-0.231783 -0.475085 -0.71876 -0.925234 -1.0665 -1.15337 -1.21014 -1.23515 -1.27296 -1.3049 -1.32421 -1.32969 -1.32278 -1.30583 -1.28123 -1.25102 -1.21687 -1.18002 -1.14136 -1.10159 -1.06129 -1.0209 -0.98076 -0.941126 -0.902204 -0.86414 -0.827032 -0.791043 -0.756184 -0.722459 -0.689856 -0.658353 -0.627913 -0.598496 -0.570054 -0.542538 -0.515899 -0.490085 -0.465049 -0.440745 -0.417128 -0.394158 -0.371798 -0.350012 -0.328769 -0.30804 -0.287797 -0.268016 -0.248676 -0.229754 -0.211231 -0.193089 -0.175313 -0.157886 -0.140795 -0.124026 -0.107564 -0.091397 -0.0755145 -0.0599053 -0.0445588 -0.0294652 -0.0146152 
-0.231915 -0.476126 -0.722396 -0.932793 -1.07764 -1.16689 -1.22582 -1.25248 -1.28961 -1.32094 -1.33966 -1.34451 -1.33695 -1.31937 -1.29418 -1.26344 -1.22879 -1.19149 -1.15245 -1.11236 -1.07178 -1.03113 -0.990751 -0.950892 -0.91175 -0.873473 -0.836173 -0.799967 -0.764892 -0.730954 -0.698139 -0.66642 -0.63576 -0.606118 -0.577447 -0.549696 -0.522816 -0.496757 -0.471472 -0.446914 -0.423041 -0.399812 -0.37719 -0.355141 -0.333633 -0.312638 -0.292128 -0.272081 -0.252474 -0.233287 -0.214499 -0.196093 -0.178054 -0.160366 -0.143015 -0.125988 -0.109271 -0.0928517 -0.0767194 -0.0608631 -0.0452725 -0.0299377 -0.0148498 
-0.232024 -0.477112 -0.725989 -0.940428 -1.08902 -1.18077 -1.24186 -1.27075 -1.307 -1.33764 -1.35572 -1.35989 -1.35165 -1.33342 -1.30762 -1.27632 -1.24118 -1.20344 -1.16402 -1.1236 -1.08272 -1.0418 -1.00117 -0.961081 -0.921716 -0.883222 -0.845708 -0.809264 -0.773959 -0.739795 -0.706752 -0.674802 -0.643908 -0.614025 -0.585108 -0.557106 -0.52997 -0.503651 -0.4781 -0.453273 -0.429128 -0.405624 -0.382726 -0.360399 -0.338612 -0.317339 -0.296551 -0.276225 -0.256341 -0.236879 -0.217818 -0.199141 -0.180834 -0.162879 -0.145261 -0.127968 -0.110991 -0.0943165 -0.0779324 -0.0618273 -0.0459908 -0.0304133 -0.0150858 
-0.232108 -0.47804 -0.729529 -0.948135 -1.10066 -1.19503 -1.25835 -1.29002 -1.32512 -1.35499 -1.37238 -1.37585 -1.3669 -1.34798 -1.32156 -1.28972 -1.25408 -1.21592 -1.17611 -1.13534 -1.09415 -1.05295 -1.01207 -0.971733 -0.932137 -0.893418 -0.855676 -0.818958 -0.783411 -0.749007 -0.715721 -0.683524 -0.652378 -0.622238 -0.593058 -0.564787 -0.537377 -0.510778 -0.484945 -0.459832 -0.435398 -0.411603 -0.388412 -0.365791 -0.343712 -0.322146 -0.301067 -0.280453 -0.260278 -0.240526 -0.221182 -0.202227 -0.183644 -0.165416 -0.147531 -0.129976 -0.112737 -0.0958023 -0.0791613 -0.0628029 -0.0467168 -0.0308935 -0.0153241 
-0.23217 -0.478909 -0.733011 -0.955906 -1.11256 -1.2097 -1.27533 -1.31039 -1.34394 -1.37298 -1.38966 -1.3924 -1.3827 -1.36309 -1.33605 -1.30368 -1.26761 -1.22898 -1.18875 -1.14762 -1.10611 -1.06462 -1.02347 -0.98288 -0.943038 -0.904074 -0.86608 -0.829107 -0.793296 -0.758627 -0.725077 -0.692613 -0.661195 -0.630778 -0.601315 -0.572756 -0.545052 -0.518155 -0.492019 -0.466601 -0.441858 -0.417754 -0.394254 -0.371324 -0.348934 -0.327055 -0.305672 -0.284756 -0.264286 -0.244244 -0.224609 -0.205366 -0.186499 -0.167992 -0.149833 -0.132007 -0.114501 -0.0973027 -0.0804019 -0.0637876 -0.0474496 -0.0313782 -0.0155645 
-0.23221 -0.479715 -0.736426 -0.963737 -1.12473 -1.2248 -1.29285 -1.33196 -1.36348 -1.39167 -1.40762 -1.40959 -1.39912 -1.37878 -1.35109 -1.31816 -1.28162 -1.24258 -1.20196 -1.16046 -1.11863 -1.07684 -1.03541 -0.994561 -0.954461 -0.915238 -0.87698 -0.839752 -0.803649 -0.76869 -0.734852 -0.702098 -0.670385 -0.639669 -0.609901 -0.581031 -0.553011 -0.525794 -0.499333 -0.473589 -0.448518 -0.424082 -0.400248 -0.376991 -0.354279 -0.332085 -0.310383 -0.289153 -0.268375 -0.248028 -0.228093 -0.208555 -0.189397 -0.170605 -0.152164 -0.134061 -0.116283 -0.0988181 -0.0816544 -0.0647814 -0.0481889 -0.0318672 -0.015807 
-0.232229 -0.480458 -0.739766 -0.97162 -1.13718 -1.24035 -1.3109 -1.3548 -1.38373 -1.41113 -1.42635 -1.42751 -1.41623 -1.39512 -1.36673 -1.33323 -1.29626 -1.25679 -1.21576 -1.17391 -1.13174 -1.08966 -1.04794 -1.00682 -0.966457 -0.92697 -0.888446 -0.850945 -0.814504 -0.779229 -0.745078 -0.712009 -0.679977 -0.648936 -0.618837 -0.589631 -0.56127 -0.533708 -0.5069 -0.480798 -0.455376 -0.430592 -0.406415 -0.382812 -0.359759 -0.337228 -0.315196 -0.29364 -0.272541 -0.251878 -0.231634 -0.211792 -0.192336 -0.173251 -0.154523 -0.136139 -0.118085 -0.100348 -0.0829183 -0.0657839 -0.0489344 -0.0323601 -0.0160515 
-0.23223 -0.481137 -0.743024 -0.979549 -1.14991 -1.25637 -1.32948 -1.37871 -1.40487 -1.43161 -1.44604 -1.44632 -1.43414 -1.4122 -1.38307 -1.34894 -1.31161 -1.27166 -1.23021 -1.18799 -1.1455 -1.10311 -1.06111 -1.01971 -0.979073 -0.939308 -0.900502 -0.862701 -0.82591 -0.790294 -0.7558 -0.722385 -0.690003 -0.658607 -0.628149 -0.598579 -0.569846 -0.541907 -0.51472 -0.488247 -0.462449 -0.437293 -0.412748 -0.388782 -0.365371 -0.342488 -0.32011 -0.298214 -0.276782 -0.255793 -0.235229 -0.215075 -0.195313 -0.175929 -0.156909 -0.138238 -0.119903 -0.101892 -0.0841926 -0.0667941 -0.0496854 -0.0328565 -0.0162977 
-0.232214 -0.481754 -0.746192 -0.987519 -1.16296 -1.27295 -1.34881 -1.40227 -1.4279 -1.45362 -1.46698 -1.46618 -1.45299 -1.43015 -1.40025 -1.36547 -1.32754 -1.28715 -1.24532 -1.20275 -1.15994 -1.11726 -1.07497 -1.03328 -0.992352 -0.95229 -0.913175 -0.875057 -0.837963 -0.801954 -0.767067 -0.733267 -0.700501 -0.668716 -0.637858 -0.607883 -0.578744 -0.550398 -0.522806 -0.49593 -0.469733 -0.444182 -0.419248 -0.3949 -0.371112 -0.34786 -0.32512 -0.302872 -0.281094 -0.259767 -0.238875 -0.2184 -0.198325 -0.178636 -0.159317 -0.140355 -0.121736 -0.103447 -0.0854755 -0.0678107 -0.0504409 -0.0333558 -0.0165452 
-0.232186 -0.482307 -0.749262 -0.995519 -1.17631 -1.29009 -1.36883 -1.42579 -1.45282 -1.47725 -1.48928 -1.4872 -1.47286 -1.44903 -1.41833 -1.38286 -1.34424 -1.30339 -1.26119 -1.21829 -1.17516 -1.13217 -1.08958 -1.04759 -1.00635 -0.965968 -0.926522 -0.888062 -0.850621 -0.814213 -0.778921 -0.744695 -0.711491 -0.679262 -0.647962 -0.617543 -0.587964 -0.559181 -0.531155 -0.503848 -0.477227 -0.451258 -0.425912 -0.401161 -0.376978 -0.35334 -0.330223 -0.307607 -0.285471 -0.263797 -0.242566 -0.221762 -0.201367 -0.181366 -0.161744 -0.142487 -0.12358 -0.10501 -0.0867649 -0.0688319 -0.0511996 -0.033857 -0.0167937 
-0.232146 -0.482795 -0.75222 -1.00353 -1.18997 -1.3078 -1.38954 -1.44969 -1.47965 -1.50247 -1.51296 -1.50943 -1.49381 -1.46892 -1.43734 -1.40115 -1.3619 -1.32058 -1.27798 -1.23472 -1.19126 -1.14795 -1.10503 -1.06271 -1.02113 -0.980397 -0.940582 -0.901738 -0.863889 -0.827028 -0.791283 -0.756597 -0.722925 -0.690225 -0.658451 -0.62756 -0.597509 -0.568257 -0.539767 -0.512002 -0.484929 -0.458517 -0.432736 -0.407559 -0.382961 -0.358919 -0.33541 -0.312412 -0.289907 -0.267874 -0.246295 -0.225154 -0.204433 -0.184115 -0.164186 -0.144629 -0.125432 -0.106579 -0.0880579 -0.0698555 -0.0519597 -0.0343591 -0.0170426 
-0.232098 -0.483219 -0.755054 -1.01154 -1.20392 -1.32608 -1.41097 -1.47424 -1.50847 -1.52924 -1.53806 -1.53295 -1.51592 -1.48989 -1.45742 -1.4205 -1.38066 -1.33883 -1.2958 -1.25215 -1.20834 -1.16467 -1.12141 -1.07873 -1.03677 -0.995637 -0.955406 -0.916122 -0.877813 -0.840495 -0.804226 -0.769024 -0.73484 -0.701629 -0.669344 -0.637943 -0.607384 -0.577629 -0.548642 -0.520387 -0.492833 -0.46595 -0.439709 -0.414085 -0.389052 -0.364588 -0.34067 -0.317278 -0.294391 -0.271989 -0.250054 -0.228568 -0.207514 -0.186875 -0.166634 -0.146776 -0.127286 -0.108149 -0.0893511 -0.0708788 -0.0527194 -0.0348607 -0.0172912 
-0.232046 -0.483579 -0.757753 -1.01952 -1.21818 -1.34498 -1.43321 -1.49956 -1.53925 -1.55766 -1.56478 -1.55794 -1.53935 -1.51207 -1.4787 -1.44117 -1.40067 -1.35828 -1.31478 -1.27071 -1.2265 -1.18246 -1.13881 -1.09572 -1.05334 -1.01177 -0.971068 -0.931297 -0.892484 -0.854647 -0.81778 -0.782013 -0.747268 -0.713497 -0.680655 -0.6487 -0.617592 -0.587296 -0.557774 -0.528996 -0.50093 -0.473547 -0.446821 -0.420726 -0.395238 -0.370334 -0.345992 -0.322191 -0.29891 -0.27613 -0.253831 -0.231995 -0.210603 -0.189638 -0.169083 -0.148922 -0.129138 -0.109715 -0.0906404 -0.0718985 -0.0534761 -0.0353602 -0.0175387 
-0.231994 -0.483878 -0.760303 -1.02745 -1.23274 -1.36454 -1.45639 -1.52595 -1.57065 -1.58862 -1.59365 -1.58473 -1.56432 -1.5356 -1.5012 -1.46299 -1.42191 -1.37899 -1.33501 -1.29051 -1.24588 -1.20142 -1.15733 -1.1138 -1.07094 -1.02887 -0.987642 -0.947319 -0.907934 -0.869504 -0.832027 -0.795618 -0.760241 -0.725849 -0.692394 -0.659835 -0.628132 -0.59725 -0.567155 -0.537816 -0.509204 -0.481292 -0.454054 -0.427464 -0.4015 -0.376138 -0.351357 -0.327135 -0.30345 -0.280283 -0.257613 -0.235421 -0.213687 -0.192394 -0.171523 -0.151057 -0.130979 -0.111272 -0.0919211 -0.0729109 -0.054227 -0.0358558 -0.0177842 
-0.231947 -0.484119 -0.762695 -1.03532 -1.24761 -1.38481 -1.48058 -1.55353 -1.60219 -1.62252 -1.62501 -1.61366 -1.59112 -1.56075 -1.52515 -1.48635 -1.44459 -1.4011 -1.35663 -1.31168 -1.26661 -1.22168 -1.17712 -1.13307 -1.08968 -1.04703 -1.0052 -0.964253 -0.924223 -0.885132 -0.846995 -0.809853 -0.773773 -0.738693 -0.704565 -0.671345 -0.638994 -0.607479 -0.576767 -0.546828 -0.517636 -0.489163 -0.461385 -0.434277 -0.407817 -0.38198 -0.356745 -0.33209 -0.307992 -0.28443 -0.261383 -0.238831 -0.216753 -0.195131 -0.173943 -0.153173 -0.132802 -0.112812 -0.0931873 -0.0739114 -0.0549689 -0.0363453 -0.0180267 
-0.231911 -0.484307 -0.764915 -1.0431 -1.26278 -1.40583 -1.50586 -1.58235 -1.63441 -1.65847 -1.65932 -1.64522 -1.62021 -1.58795 -1.55101 -1.51125 -1.46882 -1.42479 -1.37984 -1.33441 -1.28885 -1.24341 -1.19829 -1.15366 -1.10964 -1.06633 -1.02382 -0.982163 -0.941406 -0.901577 -0.862692 -0.824733 -0.787874 -0.752034 -0.717163 -0.683219 -0.650163 -0.617962 -0.586586 -0.556006 -0.526196 -0.49713 -0.468785 -0.441136 -0.414159 -0.387831 -0.362129 -0.33703 -0.312511 -0.288548 -0.265121 -0.242207 -0.219785 -0.197832 -0.17633 -0.155258 -0.134596 -0.114327 -0.0944321 -0.0748944 -0.0556975 -0.0368259 -0.0182647 
-0.231892 -0.484447 -0.766952 -1.05076 -1.27824 -1.42763 -1.53234 -1.61264 -1.66796 -1.69497 -1.69691 -1.68014 -1.65222 -1.61773 -1.57922 -1.53816 -1.49499 -1.45039 -1.40491 -1.35895 -1.31282 -1.26678 -1.22102 -1.1757 -1.13095 -1.08688 -1.04357 -1.0011 -0.959507 -0.918834 -0.879097 -0.840314 -0.802563 -0.765867 -0.730173 -0.695433 -0.661609 -0.628666 -0.596576 -0.565311 -0.534845 -0.505155 -0.476214 -0.448001 -0.420489 -0.393655 -0.367475 -0.341924 -0.316978 -0.292612 -0.268803 -0.245527 -0.22276 -0.200481 -0.178667 -0.157297 -0.13635 -0.115806 -0.0956469 -0.0758532 -0.0564079 -0.0372944 -0.0184967 
-0.231897 -0.484546 -0.768791 -1.05825 -1.29397 -1.45024 -1.56011 -1.64456 -1.7032 -1.73275 -1.73583 -1.71881 -1.68819 -1.65085 -1.61034 -1.56787 -1.52374 -1.47838 -1.43222 -1.38559 -1.33878 -1.292 -1.24546 -1.19932 -1.15371 -1.10874 -1.06452 -1.0211 -0.978563 -0.936938 -0.896259 -0.856543 -0.817785 -0.780152 -0.743556 -0.707947 -0.673287 -0.639543 -0.606686 -0.574691 -0.543531 -0.513183 -0.483621 -0.454822 -0.426759 -0.399407 -0.37274 -0.346732 -0.321356 -0.296586 -0.272396 -0.24876 -0.225655 -0.203054 -0.180934 -0.159273 -0.138048 -0.117237 -0.096821 -0.0767794 -0.0570939 -0.0377465 -0.0187206 
-0.231934 -0.484611 -0.770421 -1.06555 -1.30995 -1.47372 -1.58926 -1.6783 -1.74042 -1.77237 -1.77658 -1.75961 -1.7284 -1.68844 -1.64546 -1.60114 -1.55566 -1.50925 -1.46217 -1.41467 -1.36698 -1.31929 -1.2718 -1.22467 -1.17803 -1.13201 -1.0867 -1.0422 -0.998577 -0.955869 -0.914116 -0.873341 -0.833549 -0.794864 -0.757265 -0.720701 -0.685132 -0.650523 -0.616846 -0.584074 -0.552182 -0.521146 -0.490939 -0.461535 -0.432908 -0.405029 -0.37787 -0.351403 -0.325598 -0.300427 -0.275861 -0.251873 -0.228435 -0.205521 -0.183106 -0.161163 -0.13967 -0.118603 -0.0979409 -0.0776623 -0.0577474 -0.0381772 -0.0189338 
-0.23201 -0.484652 -0.771829 -1.07261 -1.32616 -1.49809 -1.61993 -1.71406 -1.77993 -1.81431 -1.81967 -1.80289 -1.77128 -1.73071 -1.68517 -1.63846 -1.59123 -1.54341 -1.49512 -1.44649 -1.39767 -1.34885 -1.30019 -1.25186 -1.20399 -1.15672 -1.11016 -1.0644 -1.01953 -0.975587 -0.932628 -0.890677 -0.849756 -0.809898 -0.771202 -0.733601 -0.697048 -0.66151 -0.626958 -0.593365 -0.560705 -0.528952 -0.498079 -0.468057 -0.438856 -0.410447 -0.382796 -0.355872 -0.329644 -0.30408 -0.279149 -0.254819 -0.231062 -0.207847 -0.185149 -0.162939 -0.141192 -0.119883 -0.0989895 -0.0784883 -0.0583585 -0.0385798 -0.019133 
-0.232135 -0.484679 -0.773 -1.07938 -1.34255 -1.52339 -1.65223 -1.75205 -1.82207 -1.85905 -1.86565 -1.84912 -1.81717 -1.77596 -1.72997 -1.68039 -1.63088 -1.58126 -1.53141 -1.48133 -1.43111 -1.38088 -1.33078 -1.28099 -1.23165 -1.1829 -1.13487 -1.08765 -1.04135 -0.996012 -0.951699 -0.908442 -0.866259 -0.825136 -0.785248 -0.74652 -0.708907 -0.672374 -0.636892 -0.602435 -0.568974 -0.536482 -0.504928 -0.474279 -0.444503 -0.415565 -0.387429 -0.360059 -0.33342 -0.307477 -0.282195 -0.257541 -0.233481 -0.209985 -0.187022 -0.164564 -0.142582 -0.121051 -0.0999448 -0.0792401 -0.0589142 -0.0389456 -0.019314 
-0.232317 -0.484705 -0.773925 -1.08579 -1.35907 -1.54965 -1.6863 -1.79255 -1.86723 -1.90708 -1.91507 -1.89892 -1.8667 -1.82482 -1.77811 -1.72738 -1.67502 -1.62315 -1.57136 -1.51948 -1.4675 -1.41552 -1.36368 -1.31212 -1.26102 -1.21052 -1.16076 -1.11187 -1.06392 -1.017 -0.971163 -0.926442 -0.882861 -0.840434 -0.799237 -0.759282 -0.720528 -0.682937 -0.646476 -0.611117 -0.57683 -0.543583 -0.51134 -0.480065 -0.44972 -0.420264 -0.391657 -0.363859 -0.33683 -0.31053 -0.28492 -0.259965 -0.235628 -0.211875 -0.188673 -0.165992 -0.143801 -0.122072 -0.100779 -0.0798954 -0.059398 -0.0392638 -0.0194713 
-0.232565 -0.484743 -0.774591 -1.09178 -1.37565 -1.57691 -1.72232 -1.83586 -1.91582 -1.95894 -1.96857 -1.95297 -1.92061 -1.87811 -1.83007 -1.77817 -1.72417 -1.66953 -1.61532 -1.5612 -1.50705 -1.45292 -1.39894 -1.34525 -1.29205 -1.23949 -1.18772 -1.13687 -1.08706 -1.03835 -0.990801 -0.944465 -0.899362 -0.855503 -0.812885 -0.77163 -0.731669 -0.692963 -0.655481 -0.619192 -0.584063 -0.550055 -0.517129 -0.48524 -0.454343 -0.424392 -0.39534 -0.367142 -0.339752 -0.313127 -0.287223 -0.262 -0.237418 -0.213442 -0.190035 -0.167164 -0.144797 -0.122904 -0.101456 -0.0804259 -0.059789 -0.0395206 -0.0195982 
-0.232888 -0.484807 -0.774988 -1.09728 -1.39221 -1.60517 -1.76044 -1.88234 -1.96836 -2.01525 -2.02682 -2.01195 -1.97958 -1.93642 -1.88722 -1.8338 -1.77794 -1.7209 -1.66365 -1.60673 -1.54989 -1.49313 -1.43655 -1.38031 -1.3246 -1.26961 -1.2155 -1.16241 -1.11046 -1.05973 -1.01029 -0.962165 -0.915393 -0.869974 -0.825886 -0.783251 -0.742016 -0.702146 -0.663612 -0.626379 -0.590407 -0.55565 -0.522059 -0.489583 -0.458167 -0.427758 -0.398301 -0.369745 -0.342037 -0.31513 -0.288975 -0.263529 -0.238748 -0.214593 -0.191025 -0.168007 -0.145507 -0.123492 -0.101931 -0.0807964 -0.0600607 -0.0396985 -0.0196859 
-0.233294 -0.484911 -0.775105 -1.1022 -1.40865 -1.63445 -1.80087 -1.9324 -2.02543 -2.07671 -2.09058 -2.07669 -2.04464 -2.00146 -1.95062 -1.89509 -1.8368 -1.77702 -1.71661 -1.65622 -1.59608 -1.53611 -1.47639 -1.41708 -1.35841 -1.30057 -1.24374 -1.18808 -1.13371 -1.08072 -1.02916 -0.979079 -0.930491 -0.883398 -0.837794 -0.793713 -0.751151 -0.710087 -0.67049 -0.63232 -0.595526 -0.560053 -0.52584 -0.492824 -0.460941 -0.430128 -0.400323 -0.371466 -0.3435 -0.316369 -0.290023 -0.264411 -0.239489 -0.215211 -0.191538 -0.16843 -0.145852 -0.123769 -0.10215 -0.0809628 -0.0601805 -0.0397759 -0.0197237 
-0.233789 -0.485067 -0.774927 -1.10644 -1.42481 -1.66472 -1.84379 -1.98652 -2.08773 -2.14415 -2.16072 -2.14789 -2.11595 -2.07267 -2.02023 -1.96228 -1.90105 -1.83797 -1.77397 -1.70966 -1.64551 -1.58166 -1.51816 -1.45521 -1.39303 -1.33186 -1.2719 -1.21331 -1.15622 -1.1007 -1.04682 -0.994606 -0.944072 -0.895209 -0.848003 -0.802436 -0.75853 -0.716275 -0.675639 -0.63657 -0.599007 -0.56288 -0.528112 -0.49463 -0.462356 -0.431216 -0.40114 -0.372061 -0.343913 -0.316636 -0.290174 -0.264472 -0.239482 -0.215156 -0.19145 -0.168323 -0.145737 -0.123655 -0.102044 -0.0808719 -0.0601088 -0.0397266 -0.0196987 
-0.234373 -0.48528 -0.774436 -1.10988 -1.4405 -1.69594 -1.88943 -2.04528 -2.1561 -2.21861 -2.23842 -2.22683 -2.19477 -2.1512 -2.09669 -2.03581 -1.97104 -1.90395 -1.83559 -1.76671 -1.69785 -1.62936 -1.56137 -1.49409 -1.4278 -1.36277 -1.29922 -1.2373 -1.17716 -1.11885 -1.06244 -1.00794 -0.955347 -0.904637 -0.855776 -0.808711 -0.763481 -0.720082 -0.678472 -0.638588 -0.600348 -0.563665 -0.528446 -0.494601 -0.462041 -0.430679 -0.400436 -0.371236 -0.343007 -0.315683 -0.289202 -0.263506 -0.238541 -0.214258 -0.190609 -0.167552 -0.145046 -0.123051 -0.101534 -0.0804601 -0.0597984 -0.0395194 -0.0195953 
-0.23504 -0.485544 -0.773598 -1.11236 -1.45548 -1.72799 -1.93798 -2.10935 -2.2316 -2.30141 -2.32524 -2.31536 -2.28329 -2.23751 -2.18062 -2.11627 -2.04714 -1.97508 -1.90138 -1.82695 -1.75248 -1.67847 -1.60516 -1.53279 -1.46171 -1.39224 -1.32459 -1.25895 -1.19543 -1.13409 -1.07496 -1.01804 -0.963302 -0.910706 -0.860187 -0.811662 -0.765185 -0.720747 -0.67829 -0.637727 -0.598953 -0.561859 -0.526334 -0.492269 -0.459561 -0.428115 -0.397838 -0.368648 -0.340465 -0.313218 -0.28684 -0.261268 -0.236446 -0.212321 -0.188842 -0.165965 -0.143646 -0.121845 -0.100526 -0.0796533 -0.0591941 -0.0391178 -0.0193956 
-0.235771 -0.485834 -0.772357 -1.11369 -1.4694 -1.76067 -1.98962 -2.17952 -2.31549 -2.39413 -2.42287 -2.41526 -2.38345 -2.33511 -2.27429 -2.20492 -2.12994 -2.05147 -1.97104 -1.88976 -1.80847 -1.72782 -1.64826 -1.56994 -1.49333 -1.41878 -1.34654 -1.27677 -1.20957 -1.14498 -1.08298 -1.02356 -0.966662 -0.912202 -0.860095 -0.810226 -0.762662 -0.717373 -0.67427 -0.633234 -0.59413 -0.556825 -0.521186 -0.487088 -0.454415 -0.423058 -0.392917 -0.3639 -0.335923 -0.308908 -0.282783 -0.257483 -0.232947 -0.20912 -0.185948 -0.163385 -0.141386 -0.119909 -0.0989145 -0.0783674 -0.0582334 -0.0384806 -0.0190789 
-0.236525 -0.486084 -0.770613 -1.11361 -1.4818 -1.79364 -2.04443 -2.25675 -2.40938 -2.49871 -2.53336 -2.52856 -2.49801 -2.44569 -2.3789 -2.3024 -2.21954 -2.13273 -2.04376 -1.95396 -1.86436 -1.77575 -1.68874 -1.60356 -1.52062 -1.44035 -1.36303 -1.28878 -1.21766 -1.14967 -1.08476 -1.02285 -0.963857 -0.907652 -0.854123 -0.803144 -0.754771 -0.708927 -0.665475 -0.624252 -0.585094 -0.547839 -0.512337 -0.478444 -0.446033 -0.414984 -0.385188 -0.356547 -0.328971 -0.302377 -0.27669 -0.25184 -0.227764 -0.204404 -0.181705 -0.159618 -0.138097 -0.117098 -0.0965813 -0.0765094 -0.0568473 -0.0375621 -0.0186228 
-0.237226 -0.48617 -0.768188 -1.11176 -1.49204 -1.82633 -2.10238 -2.34216 -2.51528 -2.61766 -2.65915 -2.65646 -2.62626 -2.56882 -2.49424 -2.40838 -2.31522 -2.21768 -2.11793 -2.01756 -1.91784 -1.81971 -1.72387 -1.63079 -1.54072 -1.45415 -1.37134 -1.29236 -1.21721 -1.14582 -1.07809 -1.01386 -0.952997 -0.895315 -0.840656 -0.788971 -0.740226 -0.694256 -0.650859 -0.60983 -0.570972 -0.534101 -0.499047 -0.465656 -0.433787 -0.403313 -0.374119 -0.3461 -0.319161 -0.293216 -0.268187 -0.244001 -0.220593 -0.197902 -0.175873 -0.154454 -0.133598 -0.11326 -0.0934004 -0.0739794 -0.0549617 -0.0363135 -0.0180029 
-0.237743 -0.485864 -0.764772 -1.10759 -1.49917 -1.85784 -2.16312 -2.43704 -2.63585 -2.75465 -2.80486 -2.80454 -2.76956 -2.70512 -2.62027 -2.52202 -2.4154 -2.3041 -2.19065 -2.07718 -1.96519 -1.85577 -1.74972 -1.64761 -1.54968 -1.45638 -1.36787 -1.28413 -1.20506 -1.13051 -1.06028 -0.994133 -0.931849 -0.873185 -0.817876 -0.76614 -0.717646 -0.672118 -0.629295 -0.588936 -0.550818 -0.514739 -0.480517 -0.447987 -0.417 -0.387424 -0.359139 -0.332035 -0.306016 -0.280991 -0.256881 -0.233611 -0.211114 -0.18933 -0.1682 -0.147673 -0.1277 -0.108236 -0.0892407 -0.0706741 -0.0524999 -0.034684 -0.0171942 
-0.237855 -0.484774 -0.759834 -1.1003 -1.50185 -1.88669 -2.22579 -2.54287 -2.77443 -2.91402 -2.97548 -2.97954 -2.93618 -2.8585 -2.75759 -2.64172 -2.51699 -2.3875 -2.25681 -2.12727 -2.0006 -1.87804 -1.76043 -1.64833 -1.54209 -1.44196 -1.3479 -1.25975 -1.17727 -1.10017 -1.02811 -0.960767 -0.897795 -0.838874 -0.784044 -0.733105 -0.685617 -0.641216 -0.599594 -0.560478 -0.523629 -0.488833 -0.4559 -0.424661 -0.394962 -0.366667 -0.339654 -0.313812 -0.289043 -0.265256 -0.242369 -0.220308 -0.199006 -0.1784 -0.158433 -0.139054 -0.120213 -0.101866 -0.0839717 -0.0664903 -0.0493857 -0.0326236 -0.0161719 
-0.237209 -0.482253 -0.75249 -1.0886 -1.49808 -1.91048 -2.28854 -2.66114 -2.93528 -3.10072 -3.17375 -3.18169 -3.12456 -3.02648 -2.90213 -2.76175 -2.61238 -2.45972 -2.30762 -2.15872 -2.01494 -1.87758 -1.74745 -1.62499 -1.51064 -1.40424 -1.30545 -1.2139 -1.12911 -1.05061 -0.977938 -0.910573 -0.848073 -0.79033 -0.737269 -0.68821 -0.642652 -0.600198 -0.560516 -0.523321 -0.488366 -0.455433 -0.424331 -0.394887 -0.366951 -0.340386 -0.31507 -0.290893 -0.267756 -0.245571 -0.224257 -0.203739 -0.183952 -0.164835 -0.14633 -0.128387 -0.110958 -0.0939991 -0.0774693 -0.0613305 -0.0455468 -0.0300847 -0.0149125 
-0.235255 -0.477273 -0.741311 -1.07055 -1.4848 -1.92533 -2.34775 -2.79317 -3.12456 -3.32371 -3.40897 -3.40585 -3.3277 -3.20045 -3.04328 -2.86933 -2.68827 -2.50649 -2.32831 -2.15681 -1.99398 -1.84103 -1.69853 -1.56669 -1.4457 -1.33478 -1.23321 -1.14024 -1.05518 -0.977228 -0.905808 -0.840161 -0.780242 -0.725742 -0.675819 -0.629821 -0.587245 -0.547684 -0.510804 -0.47632 -0.443989 -0.413595 -0.384952 -0.357892 -0.332269 -0.307949 -0.284816 -0.262763 -0.241695 -0.221526 -0.202177 -0.183579 -0.165667 -0.148381 -0.131669 -0.115481 -0.0997716 -0.0844986 -0.0696229 -0.055108 -0.0409196 -0.0270254 -0.0133952 
-0.231174 -0.468277 -0.724073 -1.0431 -1.45739 -1.92487 -2.39646 -2.93893 -3.34991 -3.59388 -3.69586 -3.66306 -3.54169 -3.36615 -3.16044 -2.9411 -2.71904 -2.50148 -2.29331 -2.09756 -1.91593 -1.74906 -1.59687 -1.45929 -1.33531 -1.2236 -1.12285 -1.03191 -0.949809 -0.875362 -0.80783 -0.74728 -0.692706 -0.643153 -0.597875 -0.556278 -0.517885 -0.482307 -0.449225 -0.418367 -0.3895 -0.362424 -0.336961 -0.312956 -0.290272 -0.268784 -0.248383 -0.228971 -0.210457 -0.192763 -0.175816 -0.159549 -0.143905 -0.128827 -0.114267 -0.10018 -0.0865216 -0.0732549 -0.0603432 -0.0477531 -0.0354527 -0.0234122 -0.0116036 
-0.223823 -0.453048 -0.697513 -1.00175 -1.40889 -1.89861 -2.42118 -3.09369 -3.61886 -3.9139 -4.00662 -3.91832 -3.72561 -3.47704 -3.20358 -2.92504 -2.65379 -2.3973 -2.15995 -1.94382 -1.74928 -1.57563 -1.42183 -1.28607 -1.16614 -1.06014 -0.966106 -0.882353 -0.807585 -0.741521 -0.682937 -0.630496 -0.583307 -0.540572 -0.501634 -0.465965 -0.433134 -0.402791 -0.374647 -0.348456 -0.324012 -0.301134 -0.279667 -0.25947 -0.240424 -0.222419 -0.205357 -0.189152 -0.173725 -0.159006 -0.144932 -0.131443 -0.118488 -0.10602 -0.0939946 -0.0823721 -0.071116 -0.0601924 -0.0495699 -0.039219 -0.0291121 -0.0192231 -0.00952687 
-0.21171 -0.428666 -0.657256 -0.940306 -1.32927 -1.8294 -2.39566 -3.23831 -3.93936 -4.28863 -4.29157 -4.08505 -3.77301 -3.41857 -3.05892 -2.71537 -2.39916 -2.11482 -1.86371 -1.64465 -1.45489 -1.29178 -1.15177 -1.03097 -0.926401 -0.835409 -0.75647 -0.688005 -0.628234 -0.57552 -0.528844 -0.487214 -0.449853 -0.416115 -0.385464 -0.357465 -0.331764 -0.308071 -0.286146 -0.265791 -0.246836 -0.229133 -0.212557 -0.196995 -0.18235 -0.168533 -0.155465 -0.143077 -0.131305 -0.120093 -0.109389 -0.0991464 -0.0893236 -0.0798824 -0.070788 -0.0620085 -0.0535148 -0.0452798 -0.0372786 -0.0294878 -0.0218853 -0.0144501 -0.00716153 
-0.193043 -0.391628 -0.598153 -0.851676 -1.20613 -1.69048 -2.26697 -3.29919 -4.27382 -4.53566 -4.30394 -3.87318 -3.38764 -2.91626 -2.49027 -2.12088 -1.8084 -1.54647 -1.32901 -1.14904 -0.999906 -0.87547 -0.771271 -0.68457 -0.611549 -0.549435 -0.496026 -0.449763 -0.409533 -0.374248 -0.343109 -0.315437 -0.290683 -0.268395 -0.248203 -0.229806 -0.21296 -0.197465 -0.183159 -0.169905 -0.157588 -0.14611 -0.135384 -0.125336 -0.115898 -0.107012 -0.0986249 -0.0906886 -0.0831608 -0.0760031 -0.069181 -0.0626634 -0.056422 -0.0504312 -0.0446678 -0.0391105 -0.0337399 -0.028538 -0.0234883 -0.0185752 -0.0137844 -0.00910176 -0.00451282 
-0.165796 -0.337859 -0.514968 -0.730847 -1.03203 -1.45029 -1.93319 -3.00447 -4.12136 -3.7027 -2.99384 -2.34213 -1.82069 -1.42459 -1.12907 -0.908285 -0.741683 -0.615932 -0.518707 -0.441819 -0.380189 -0.330246 -0.289395 -0.255261 -0.22672 -0.202747 -0.18235 -0.164799 -0.149614 -0.136368 -0.124729 -0.114427 -0.105241 -0.0969944 -0.089542 -0.0827672 -0.0765761 -0.0708931 -0.0656563 -0.0608147 -0.0563249 -0.05215 -0.0482577 -0.0446197 -0.0412106 -0.038008 -0.0349919 -0.0321441 -0.0294484 -0.0268904 -0.024457 -0.0221362 -0.0199176 -0.0177914 -0.0157489 -0.0137822 -0.0118839 -0.0100474 -0.00826646 -0.00653549 -0.0048494 -0.00320398 -0.00159669 
